,att1,def1,mid1,ovr1,rank1,att2,def2,mid2,ovr2,rank2,score,winner,att,def,mid,ovr,rank
0,76,77,73,75,37,72,65,70,69,20,1.0,1,4,12,3,6,17
1,94,84,89,88,5,65,63,58,62,66,1.0,1,29,21,31,26,-61
2,78,71,66,72,44,85,77,80,80,14,-1.0,-1,-7,-6,-14,-8,30
3,81,69,74,73,46,74,80,75,76,19,-2.0,-1,7,-11,-1,-3,27
4,65,67,67,68,104,81,85,85,85,15,-3.0,-1,-16,-18,-18,-17,89
5,83,75,76,77,13,76,77,73,75,37,-1.0,-1,7,-2,3,2,-24
6,86,87,85,85,4,69,63,68,64,27,1.0,1,17,24,17,21,-23
7,81,85,85,85,15,85,72,74,76,54,1.0,1,-4,13,11,9,-39
8,92,87,88,88,1,75,81,78,79,18,3.0,1,17,6,10,9,-17
9,85,72,74,76,54,86,87,85,85,4,-2.0,-1,-1,-15,-11,-9,50
10,81,85,85,85,15,69,63,68,64,27,3.0,1,12,22,17,21,-12
11,70,68,71,70,6,92,87,88,88,1,1.0,1,-22,-19,-17,-18,5
12,85,72,74,76,54,69,63,68,64,27,-2.0,-1,16,9,6,12,27
13,71,62,66,65,65,72,65,70,69,20,2.0,1,-1,-3,-4,-4,45
14,81,85,85,85,15,92,87,88,88,1,-1.0,-1,-11,-2,-3,-3,14
15,81,85,85,85,15,70,68,71,70,6,1.0,1,11,17,14,15,9
16,74,71,75,73,49,75,81,78,79,18,2.0,1,-1,-10,-3,-6,31
17,81,69,74,73,46,81,73,81,78,11,2.0,1,0,-4,-7,-5,35
18,85,77,80,80,14,89,88,88,88,9,3.0,1,-4,-11,-8,-8,5
19,65,63,58,62,66,86,87,85,85,4,-1.0,-1,-21,-24,-27,-23,62
20,79,78,80,80,21,92,86,83,87,12,-1.0,-1,-13,-8,-3,-7,9
21,70,68,71,70,6,72,65,70,69,20,2.0,1,-2,3,1,1,-14
22,76,77,73,75,37,78,77,77,77,38,-2.0,-1,-2,0,-4,-2,-1
23,83,75,76,77,13,83,81,85,83,3,1.0,1,0,-6,-9,-6,10
24,78,68,67,70,33,86,87,85,85,4,1.0,1,-8,-19,-18,-15,29
25,71,71,71,72,23,74,69,65,68,74,1.0,1,-3,2,6,4,-51
26,71,67,74,71,28,83,81,85,83,3,2.0,1,-12,-14,-11,-12,25
27,68,70,69,69,61,76,77,73,75,37,-1.0,-1,-8,-7,-4,-6,24
28,83,75,76,77,13,81,69,74,73,46,3.0,1,2,6,2,4,-33
29,82,67,80,75,73,89,88,88,88,9,-1.0,-1,-7,-21,-8,-13,64
30,65,63,58,62,66,83,75,76,77,13,-1.0,-1,-18,-12,-18,-15,53
31,79,78,80,80,21,94,84,89,88,5,-1.0,-1,-15,-6,-9,-8,16
32,76,77,73,75,37,73,78,76,77,62,-1.0,-1,3,-1,-3,-2,-25
33,71,71,71,72,23,82,67,80,75,73,1.0,1,-11,4,-9,-3,-50
34,74,71,75,73,49,90,86,88,88,8,-2.0,-1,-16,-15,-13,-15,41
35,81,69,74,73,46,65,63,58,62,66,2.0,1,16,6,16,11,-20
36,74,80,75,76,19,83,75,76,77,13,1.0,1,-9,5,-1,-1,6
37,85,77,80,80,14,75,81,78,79,18,1.0,1,10,-4,2,1,-4
38,89,88,88,88,9,74,69,65,68,74,1.0,1,15,19,23,20,-65
39,78,71,66,72,44,71,67,74,71,28,-1.0,-1,7,4,-8,1,16
40,92,86,83,87,12,68,70,69,69,61,1.0,1,24,16,14,18,-49
41,65,67,67,68,104,82,67,80,75,73,-1.0,-1,-17,0,-13,-7,31
42,81,73,81,78,11,81,85,85,85,15,1.0,1,0,-12,-4,-7,-4
43,74,69,65,68,74,65,67,67,68,104,2.0,1,9,2,-2,0,-30
44,89,88,88,88,9,71,71,71,72,23,1.0,1,18,17,17,16,-14
45,78,71,66,72,44,83,81,85,83,3,-3.0,-1,-5,-10,-19,-11,41
46,81,85,85,85,15,71,62,66,65,65,1.0,1,10,23,19,20,-50
47,68,70,69,69,61,73,78,76,77,62,-3.0,-1,-5,-8,-7,-8,-1
48,82,75,75,76,17,86,87,85,85,4,1.0,1,-4,-12,-10,-9,13
49,70,68,71,70,6,82,75,75,76,17,2.0,1,-12,-7,-4,-6,-11
50,94,84,89,88,5,72,65,70,69,20,1.0,1,22,19,19,19,-15
51,76,77,73,75,37,83,81,85,83,3,-1.0,-1,-7,-4,-12,-8,34
52,85,83,83,83,9,74,80,75,76,19,2.0,1,11,3,8,7,-10
53,78,77,77,77,38,81,73,81,78,11,2.0,1,-3,4,-4,-1,27
54,85,72,74,76,54,82,75,75,76,17,1.0,1,3,-3,-1,0,37
55,75,81,78,79,18,65,63,58,62,66,1.0,1,10,18,20,17,-48
56,70,68,71,70,6,81,69,74,73,46,-3.0,-1,-11,-1,-3,-3,-40
57,71,67,74,71,28,77,74,71,73,23,3.0,1,-6,-7,3,-2,5
58,81,73,81,78,11,78,77,77,77,38,2.0,1,3,-4,4,1,-27
59,70,68,71,70,6,65,63,58,62,66,2.0,1,5,5,13,8,-60
60,72,69,68,71,19,83,77,78,78,51,1.0,1,-11,-8,-10,-7,-32
61,87,85,81,83,4,80,81,74,78,19,-1.0,-1,7,4,7,5,-15
62,91,86,85,86,5,84,72,77,76,17,1.0,1,7,14,8,10,-12
63,88,88,84,87,2,85,82,81,83,6,3.0,1,3,6,3,4,-4
64,80,75,70,74,33,92,86,89,89,1,-1.0,-1,-12,-11,-19,-15,32
65,72,76,73,74,25,79,78,75,77,15,-2.0,-1,-7,-2,-2,-3,10
66,72,70,66,70,78,69,73,66,70,23,-2.0,-1,3,-3,0,0,55
67,72,69,68,71,19,79,69,68,71,29,1.0,1,-7,0,0,0,-10
68,80,68,78,73,38,72,76,73,74,25,-4.0,-1,8,-8,5,-1,13
69,65,70,67,69,45,84,72,77,76,17,-1.0,-1,-19,-2,-10,-7,28
70,70,73,67,71,74,80,81,74,78,19,-3.0,-1,-10,-8,-7,-7,55
71,69,73,66,70,23,84,72,77,76,17,-2.0,-1,-15,1,-11,-6,6
72,83,72,73,76,37,65,77,81,77,14,1.0,1,18,-5,-8,-1,23
73,69,73,66,70,23,65,70,67,69,45,2.0,1,4,3,-1,1,-22
74,92,84,88,87,3,72,69,68,71,19,1.0,1,20,15,20,16,-16
75,91,86,85,86,5,66,63,59,63,76,2.0,1,25,23,26,23,-71
76,92,84,88,87,3,82,78,79,79,22,2.0,1,10,6,9,8,-19
77,80,81,74,78,19,74,71,69,72,27,-1.0,-1,6,10,5,6,-8
78,92,84,88,87,3,70,62,66,65,87,2.0,1,22,22,22,22,-84
79,86,85,86,87,10,80,81,74,78,19,1.0,1,6,4,12,9,-9
80,91,86,85,86,5,79,69,68,71,29,1.0,1,12,17,17,15,-24
81,92,86,89,89,1,80,81,74,78,19,1.0,1,12,5,15,11,-18
82,85,82,81,83,6,74,71,69,72,27,1.0,1,11,11,12,11,-21
83,85,76,74,77,16,79,69,68,71,29,1.0,1,6,7,6,6,-13
84,92,86,89,89,1,83,72,73,76,37,2.0,1,9,14,16,13,-36
85,67,65,69,67,68,74,71,69,72,27,-1.0,-1,-7,-6,0,-5,41
86,86,83,86,84,9,72,69,68,71,19,1.0,1,14,14,18,13,-10
87,85,79,75,80,8,88,88,84,87,2,-2.0,-1,-3,-9,-9,-7,6
88,87,85,81,83,4,72,69,68,71,19,1.0,1,15,16,13,12,-15
89,88,88,84,87,2,83,72,73,76,37,1.0,1,5,16,11,11,-35
90,86,85,86,87,10,92,84,88,87,3,-2.0,-1,-6,1,-2,0,7
91,92,86,89,89,1,92,84,88,87,3,-1.0,-1,0,2,1,2,-2
92,85,82,81,83,6,88,88,84,87,2,-2.0,-1,-3,-6,-3,-4,4
93,86,83,86,84,9,92,84,88,87,3,-1.0,-1,-6,-1,-2,-3,6
94,85,82,81,83,6,86,83,86,84,9,2.0,1,-1,-1,-5,-1,-3
95,70,73,67,71,74,66,63,59,63,76,-1.0,-1,4,10,8,8,-2
96,91,86,85,86,5,65,77,81,77,14,4.0,1,26,9,4,9,-9
97,77,75,69,74,56,65,70,67,69,45,-1.0,-1,12,5,2,5,11
98,85,82,81,83,6,85,76,74,77,16,3.0,1,0,6,7,6,-10
99,88,88,84,87,2,80,81,74,78,19,-2.0,-1,8,7,10,9,-17
100,82,78,79,79,22,86,83,86,84,9,2.0,1,-4,-5,-7,-5,13
101,85,79,75,80,8,78,64,77,71,77,1.0,1,7,15,-2,9,-69
102,66,63,59,63,76,83,77,78,78,51,-3.0,-1,-17,-14,-19,-15,25
103,74,71,69,72,27,77,75,69,74,56,-2.0,-1,-3,-4,0,-2,-29
104,87,85,81,83,4,92,86,89,89,1,-3.0,-1,-5,-1,-8,-6,3
105,78,64,77,71,77,92,86,89,89,1,-2.0,-1,-14,-22,-12,-18,76
106,80,68,78,73,38,72,70,66,70,78,3.0,1,8,-2,12,3,-40
107,92,84,88,87,3,88,88,84,87,2,2.0,1,4,-4,4,0,1
108,79,78,75,77,15,67,65,69,67,68,2.0,1,12,13,6,10,-53
109,65,77,81,77,14,83,77,78,78,51,1.0,1,-18,0,3,-1,-37
110,66,63,59,63,76,75,70,76,73,21,-1.0,-1,-9,-7,-17,-10,55
111,72,76,73,74,25,92,84,88,87,3,1.0,1,-20,-8,-15,-13,22
112,85,76,74,77,16,86,85,86,87,10,2.0,1,-1,-9,-12,-10,6
113,70,73,67,71,74,79,78,75,77,15,1.0,1,-9,-5,-8,-6,59
114,80,81,74,78,19,91,86,85,86,5,2.0,1,-11,-5,-11,-8,14
115,86,85,86,87,10,87,85,81,83,4,1.0,1,-1,0,5,4,6
116,76,71,75,73,47,74,71,69,72,27,-1.0,-1,2,0,6,1,20
117,92,84,88,87,3,65,77,81,77,14,1.0,1,27,7,7,10,-11
118,86,85,86,87,10,69,73,66,70,23,-1.0,-1,17,12,20,17,-13
119,79,78,75,77,15,92,86,89,89,1,-1.0,-1,-13,-8,-14,-12,14
120,71,69,66,70,59,79,72,77,76,24,1.0,1,-8,-3,-11,-6,35
121,80,73,77,76,52,81,70,76,78,29,-2.0,-1,-1,3,1,-2,23
122,75,81,72,77,10,77,74,76,75,21,1.0,1,-2,7,-4,2,-11
123,89,85,85,85,11,86,82,83,85,6,-1.0,-1,3,3,2,0,5
124,90,85,83,85,4,87,79,80,83,1,-1.0,-1,3,6,3,2,3
125,86,82,86,84,5,78,76,73,76,41,2.0,1,8,6,13,8,-36
126,70,65,66,68,91,80,73,77,76,52,-2.0,-1,-10,-8,-11,-8,39
127,78,78,76,77,14,79,72,77,79,28,-3.0,-1,-1,6,-1,-2,-14
128,80,75,76,76,32,78,68,74,72,58,1.0,1,2,7,2,4,-26
129,79,81,79,81,8,74,78,76,75,54,4.0,1,5,3,3,6,-46
130,86,82,83,85,6,81,70,76,78,29,1.0,1,5,12,7,7,-23
131,78,79,73,78,15,80,70,73,75,26,1.0,1,-2,9,0,3,-11
132,90,85,83,85,4,70,71,69,73,88,1.0,1,20,14,14,12,-84
133,86,82,86,84,5,81,70,76,78,29,-1.0,-1,5,12,10,6,-24
134,87,86,82,85,3,73,74,77,74,13,2.0,1,14,12,5,11,-10
135,78,79,73,78,15,71,69,66,70,59,2.0,1,7,10,7,8,-44
136,63,68,67,69,36,79,72,77,76,24,1.0,1,-16,-4,-10,-7,12
137,70,71,69,73,88,73,74,77,74,13,-1.0,-1,-3,-3,-8,-1,75
138,80,73,77,76,52,79,75,73,77,17,-1.0,-1,1,-2,4,-1,35
139,74,78,76,75,54,79,81,79,81,8,-1.0,-1,-5,-3,-3,-6,46
140,81,70,76,78,29,79,72,77,76,24,-3.0,-1,2,-2,-1,2,5
141,75,76,70,74,44,77,67,74,77,27,-2.0,-1,-2,9,-4,-3,17
142,90,85,83,85,4,82,71,70,75,22,2.0,1,8,14,13,10,-18
143,77,69,69,72,76,72,77,69,73,12,-1.0,-1,5,-8,0,-1,64
144,78,79,73,78,15,80,70,73,75,26,-1.0,-1,-2,9,0,3,-11
145,75,76,70,74,44,74,78,76,75,54,2.0,1,1,-2,-6,-1,-10
146,77,74,76,75,21,70,65,68,68,48,4.0,1,7,9,8,7,-27
147,87,80,84,85,2,78,79,73,78,15,-2.0,-1,9,1,11,7,-13
148,78,79,73,78,15,71,69,66,70,59,1.0,1,7,10,7,8,-44
149,87,79,80,83,1,80,70,73,75,26,1.0,1,7,9,7,8,-25
150,78,79,73,78,15,80,70,73,75,26,6.0,1,-2,9,0,3,-11
151,78,79,73,78,15,87,79,80,83,1,-3.0,-1,-9,0,-7,-5,14
152,78,79,73,78,15,79,75,73,77,17,2.0,1,-1,4,0,1,-2
153,87,80,84,85,2,87,79,80,83,1,3.0,1,0,1,4,2,1
154,74,78,76,75,54,77,67,74,77,27,1.0,1,-3,11,2,-2,27
155,83,70,74,74,34,78,68,74,72,58,-1.0,-1,5,2,0,2,-24
156,81,70,76,78,29,80,75,76,76,32,-4.0,-1,1,-5,0,2,-3
157,89,85,85,85,11,86,82,86,84,5,-1.0,-1,3,3,-1,1,6
158,78,78,76,77,14,86,82,83,85,6,-1.0,-1,-8,-4,-7,-8,8
159,70,65,68,68,48,87,86,82,85,3,2.0,1,-17,-21,-14,-17,45
160,77,74,76,75,21,87,79,80,83,1,1.0,1,-10,-5,-4,-8,20
161,72,77,69,73,12,79,72,77,79,28,2.0,1,-7,5,-8,-6,-16
162,78,68,74,72,58,86,82,86,84,5,-2.0,-1,-8,-14,-12,-12,53
163,80,73,77,76,52,87,79,80,83,1,-1.0,-1,-7,-6,-3,-7,51
164,89,85,85,85,11,81,75,73,78,16,3.0,1,8,10,12,7,-5
165,90,85,83,85,4,73,74,77,74,13,-1.0,-1,17,11,6,11,-9
166,86,82,86,84,5,72,77,69,73,12,2.0,1,14,5,17,11,-7
167,78,79,73,78,15,87,80,84,85,2,-2.0,-1,-9,-1,-11,-7,13
168,82,71,70,75,22,87,86,82,85,3,-1.0,-1,-5,-15,-12,-10,19
169,81,70,76,78,29,86,82,83,85,6,-2.0,-1,-5,-12,-7,-7,23
170,73,74,77,74,13,82,71,70,75,22,2.0,1,-9,3,7,-1,-9
171,78,76,73,76,41,70,71,69,73,88,2.0,1,8,5,4,3,-47
172,87,80,84,85,2,71,69,66,70,59,5.0,1,16,11,18,15,-57
173,80,70,73,75,26,79,75,73,77,17,1.0,1,1,-5,0,-2,9
174,77,70,71,74,20,70,65,68,68,48,-1.0,-1,7,5,3,6,-28
175,81,75,73,78,16,89,85,85,85,11,1.0,1,-8,-10,-12,-7,5
176,79,72,77,79,28,78,78,76,77,14,-1.0,-1,1,-6,1,2,14
177,70,71,69,73,88,89,85,85,85,11,-1.0,-1,-19,-14,-16,-12,77
178,83,70,74,74,34,72,77,69,73,12,1.0,1,11,-7,5,1,22
179,63,68,67,69,36,81,70,76,78,29,1.0,1,-18,-2,-9,-9,7
180,77,74,76,75,21,79,72,77,79,28,-1.0,-1,-2,2,-1,-4,-7
181,80,70,73,75,26,71,69,66,70,59,4.0,1,9,1,7,5,-33
182,77,70,71,74,20,74,78,76,75,54,2.0,1,3,-8,-5,-1,-34
183,73,74,77,74,13,87,86,82,85,3,-1.0,-1,-14,-12,-5,-11,10
184,86,82,83,85,6,79,72,77,76,24,3.0,1,7,10,6,9,-18
185,78,76,73,76,41,82,76,71,78,19,-1.0,-1,-4,0,2,-2,22
186,89,85,85,85,11,75,81,72,77,10,-1.0,-1,14,4,13,8,1
187,70,65,68,68,48,78,78,76,77,14,-1.0,-1,-8,-13,-8,-9,34
188,77,69,69,72,76,83,70,74,74,34,-2.0,-1,-6,-1,-5,-2,42
189,86,82,83,85,6,63,68,67,69,36,1.0,1,23,14,16,16,-30
190,73,70,71,71,82,84,81,84,82,3,-3.0,-1,-11,-11,-13,-11,79
191,80,73,73,76,6,82,71,78,81,5,-3.0,-1,-2,2,-5,-5,1
192,77,80,79,78,8,80,69,74,74,30,-2.0,-1,-3,11,5,4,-22
193,87,84,84,84,14,80,75,76,75,45,1.0,1,7,9,8,9,-31
194,78,76,72,77,17,74,73,73,72,43,1.0,1,4,3,-1,5,-26
195,81,77,75,75,38,83,80,84,84,4,-1.0,-1,-2,-3,-9,-9,34
196,82,84,83,84,2,76,77,83,82,10,2.0,1,6,7,0,2,-8
197,69,69,67,69,35,80,69,74,73,15,-1.0,-1,-11,0,-7,-4,20
198,73,67,61,69,73,80,75,76,77,31,-1.0,-1,-7,-8,-15,-8,42
199,87,83,85,84,1,87,83,83,84,11,1.0,1,0,0,2,0,-10
200,76,71,72,71,61,76,75,76,75,39,3.0,1,0,-4,-4,-4,22
201,73,70,71,71,82,82,71,78,81,5,-1.0,-1,-9,-1,-7,-10,77
202,83,80,84,84,4,85,73,75,76,28,1.0,1,-2,7,9,8,-24
203,80,69,74,73,15,74,73,73,72,43,1.0,1,6,-4,1,1,-28
204,87,83,83,84,11,87,84,84,84,14,1.0,1,0,-1,-1,0,-3
205,65,68,68,68,62,73,67,61,69,73,-1.0,-1,-8,1,7,-1,-11
206,76,77,83,82,10,78,76,72,77,17,-1.0,-1,-2,1,11,5,-7
207,74,77,66,74,18,81,80,72,76,9,3.0,1,-7,-3,-6,-2,9
208,76,67,69,71,85,79,74,75,75,22,3.0,1,-3,-7,-6,-4,63
209,80,75,76,75,45,84,81,84,82,3,-4.0,-1,-4,-6,-8,-7,42
210,80,77,75,78,24,61,67,64,65,96,1.0,1,19,10,11,13,-72
211,82,71,78,81,5,81,67,71,74,19,3.0,1,1,4,7,7,-14
212,80,72,78,77,13,78,76,70,75,20,-1.0,-1,2,-4,8,2,-7
213,87,83,83,84,11,68,68,65,68,42,2.0,1,19,15,18,16,-31
214,74,73,73,72,43,80,72,78,77,13,-2.0,-1,-6,1,-5,-5,30
215,77,80,79,78,8,75,71,77,75,26,2.0,1,2,9,2,3,-18
216,82,84,83,84,2,74,74,74,73,51,2.0,1,8,10,9,11,-49
217,82,71,78,81,5,76,71,72,71,61,2.0,1,6,0,6,10,-56
218,82,78,70,77,27,76,67,69,71,85,2.0,1,6,11,1,6,-58
219,85,73,75,76,28,81,67,71,74,19,-1.0,-1,4,6,4,2,9
220,80,77,75,78,24,85,80,80,83,7,-3.0,-1,-5,-3,-5,-5,17
221,76,77,83,82,10,80,72,78,77,13,2.0,1,-4,5,5,5,-3
222,80,75,76,75,45,77,80,79,78,8,-1.0,-1,3,-5,-3,-3,37
223,73,70,71,71,82,80,73,73,76,6,-1.0,-1,-7,-3,-2,-5,76
224,84,81,84,82,3,80,69,74,74,30,2.0,1,4,12,10,8,-27
225,78,76,72,77,17,85,73,75,76,28,-2.0,-1,-7,3,-3,1,-11
226,87,83,85,84,1,81,80,72,76,9,3.0,1,6,3,13,8,-8
227,77,80,79,78,8,76,77,83,82,10,-2.0,-1,1,3,-4,-4,-2
228,80,75,76,75,45,80,72,78,77,13,-1.0,-1,0,3,-2,-2,32
229,80,73,73,76,6,84,81,84,82,3,1.0,1,-4,-8,-11,-6,3
230,82,71,78,81,5,87,83,83,84,11,3.0,1,-5,-12,-5,-3,-6
231,78,76,72,77,17,81,80,72,76,9,-1.0,-1,-3,-4,0,1,8
232,85,73,75,76,28,87,83,85,84,1,-1.0,-1,-2,-10,-10,-8,27
233,79,74,75,75,22,83,80,84,84,4,2.0,1,-4,-6,-9,-9,18
234,80,75,76,75,45,76,77,83,82,10,2.0,1,4,-2,-7,-7,35
235,73,70,71,71,82,84,81,84,82,3,-1.0,-1,-11,-11,-13,-11,79
236,80,69,74,74,30,80,73,73,76,6,-1.0,-1,0,-4,1,-2,24
237,87,83,83,84,11,82,84,83,84,2,-2.0,-1,5,-1,0,0,9
238,82,71,78,81,5,74,77,66,74,18,2.0,1,8,-6,12,7,-13
239,78,76,72,77,17,87,83,85,84,1,-1.0,-1,-9,-7,-13,-7,16
240,81,80,72,76,9,85,73,75,76,28,2.0,1,-4,7,-3,0,-19
241,76,77,83,82,10,84,81,84,82,3,-1.0,-1,-8,-4,-1,0,7
242,82,71,78,81,5,81,80,72,76,9,-2.0,-1,1,-9,6,5,-4
243,77,74,74,74,34,61,67,64,65,96,-1.0,-1,16,7,10,9,-62
244,84,81,84,82,3,80,72,78,77,13,1.0,1,4,9,6,5,-10
245,81,80,72,76,9,87,83,85,84,1,-3.0,-1,-6,-3,-13,-8,8
246,84,81,84,82,3,87,83,85,84,1,-1.0,-1,-3,-2,-1,-2,2
247,80,75,76,77,31,87,83,85,84,1,-3.0,-1,-7,-8,-9,-7,30
248,84,81,84,82,3,74,74,74,73,51,2.0,1,10,7,10,9,-48
249,73,67,61,69,73,80,73,73,76,6,-1.0,-1,-7,-6,-12,-7,67
250,85,73,75,76,28,87,83,83,84,11,-1.0,-1,-2,-10,-8,-8,17
251,73,70,71,71,82,87,83,83,84,11,2.0,1,-14,-13,-12,-13,71
252,82,71,78,81,5,77,74,74,74,34,-1.0,-1,5,-3,4,7,-29
253,76,67,69,71,85,82,78,70,77,27,-1.0,-1,-6,-11,-1,-6,58
254,80,73,73,76,6,87,84,84,84,14,-3.0,-1,-7,-11,-11,-8,-8
255,76,77,83,82,10,80,75,76,77,31,-1.0,-1,-4,2,7,5,-21
256,84,81,84,82,3,81,80,72,76,9,1.0,1,3,1,12,6,-6
257,80,69,74,74,30,77,80,79,78,8,1.0,1,3,-11,-5,-4,22
258,73,67,61,69,73,69,69,67,69,35,2.0,1,4,-2,-6,0,38
259,74,74,74,73,51,87,83,85,84,1,-1.0,-1,-13,-9,-11,-11,50
260,77,80,79,78,8,73,67,61,69,73,1.0,1,4,13,18,9,-65
261,84,81,84,82,3,76,71,72,71,61,1.0,1,8,10,12,11,-58
262,78,76,72,77,17,80,75,76,75,45,-1.0,-1,-2,1,-4,2,-28
263,76,75,76,75,39,82,71,78,81,5,-1.0,-1,-6,4,-2,-6,34
264,81,80,72,76,9,74,73,73,72,43,3.0,1,7,7,-1,4,-34
265,80,77,75,78,24,68,68,65,68,42,1.0,1,12,9,10,10,-18
266,73,70,71,71,82,80,72,78,77,13,-2.0,-1,-7,-2,-7,-6,69
267,80,75,76,77,31,76,71,72,71,61,-1.0,-1,4,4,4,6,-30
268,84,81,84,82,3,87,84,84,84,14,-1.0,-1,-3,-3,0,-2,-11
269,81,77,75,75,38,80,69,74,74,30,-1.0,-1,1,8,1,1,8
270,82,71,78,81,5,85,73,75,76,28,2.0,1,-3,-2,3,5,-23
271,69,69,67,69,35,65,68,68,68,62,-2.0,-1,4,1,-1,1,-27
272,75,71,77,75,26,85,80,80,83,7,-1.0,-1,-10,-9,-3,-8,19
273,76,67,69,71,85,79,71,74,75,12,1.0,1,-3,-4,-5,-4,73
274,80,75,76,75,45,74,73,73,72,43,1.0,1,6,2,3,3,2
275,81,67,71,74,19,76,75,76,75,39,1.0,1,5,-8,-5,-1,-20
276,77,79,77,78,18,83,74,74,77,41,-1.0,-1,-6,5,3,1,-23
277,85,82,83,84,1,86,82,84,85,4,2.0,1,-1,0,-1,-1,-3
278,69,75,71,73,58,83,74,74,77,41,-2.0,-1,-14,1,-3,-4,17
279,74,74,74,73,68,72,66,69,70,49,2.0,1,2,8,5,3,19
280,85,83,83,83,9,87,82,84,84,6,-2.0,-1,-2,1,-1,-1,3
281,84,83,83,83,5,78,74,74,74,37,-1.0,-1,6,9,9,9,-32
282,78,82,84,82,10,73,71,68,71,57,1.0,1,5,11,16,11,-47
283,76,74,77,76,36,79,78,79,78,8,-1.0,-1,-3,-4,-2,-2,28
284,87,83,85,85,2,84,84,84,84,7,2.0,1,3,-1,1,1,-5
285,86,80,81,82,3,74,73,76,76,46,3.0,1,12,7,5,6,-43
286,71,71,69,69,30,75,68,73,74,56,1.0,1,-4,3,-4,-5,-26
287,70,68,72,72,85,78,74,74,74,37,1.0,1,-8,-6,-2,-2,48
288,87,83,85,85,2,79,75,78,78,39,1.0,1,8,8,7,7,-37
289,68,76,76,76,25,81,75,73,75,21,2.0,1,-13,1,3,1,4
290,78,82,84,82,10,70,68,72,72,85,2.0,1,8,14,12,10,-75
291,84,84,84,84,7,78,68,72,74,22,1.0,1,6,16,12,10,-15
292,71,71,69,69,30,72,66,69,70,49,1.0,1,-1,5,0,-1,-19
293,79,75,78,78,39,87,83,85,85,2,-1.0,-1,-8,-8,-7,-7,37
294,86,82,84,85,4,71,71,69,69,30,3.0,1,15,11,15,16,-26
295,70,68,72,72,85,75,68,73,74,56,1.0,1,-5,0,-1,-2,29
296,83,74,74,77,41,79,73,76,77,27,-1.0,-1,4,1,-2,0,14
297,68,76,76,76,25,85,82,83,84,1,-4.0,-1,-17,-6,-7,-8,24
298,69,63,66,70,44,87,82,84,84,6,2.0,1,-18,-19,-18,-14,38
299,73,71,68,71,57,82,76,76,78,12,-3.0,-1,-9,-5,-8,-7,45
300,86,82,84,85,4,65,62,59,60,83,1.0,1,21,20,25,25,-79
301,86,80,81,82,3,78,74,74,74,37,2.0,1,8,6,7,8,-34
302,65,62,59,60,83,87,83,85,85,2,-5.0,-1,-22,-21,-26,-25,81
303,70,68,72,72,85,65,62,59,60,83,2.0,1,5,6,13,12,2
304,70,68,72,72,85,87,83,85,85,2,-2.0,-1,-17,-15,-13,-13,83
305,86,82,84,85,4,85,82,83,84,1,-3.0,-1,1,0,1,1,3
306,70,68,72,72,85,85,82,83,84,1,-1.0,-1,-15,-14,-11,-12,84
307,70,68,72,72,85,87,83,85,85,2,-1.0,-1,-17,-15,-13,-13,83
308,69,75,71,73,58,76,71,76,75,14,-2.0,-1,-7,4,-5,-2,44
309,77,78,76,77,15,74,74,74,73,68,2.0,1,3,4,2,4,-53
310,72,67,72,71,50,76,74,77,76,36,-1.0,-1,-4,-7,-5,-5,14
311,79,75,76,75,34,75,74,75,74,24,-3.0,-1,4,1,1,1,10
312,78,74,74,74,37,74,73,76,76,46,4.0,1,4,1,-2,-2,-9
313,75,68,73,74,56,77,76,77,76,16,2.0,1,-2,-8,-4,-2,40
314,82,76,76,78,12,87,82,84,84,6,-1.0,-1,-5,-6,-8,-6,6
315,83,74,74,77,41,73,71,68,71,57,1.0,1,10,3,6,6,-16
316,78,68,72,74,22,79,75,78,78,39,-3.0,-1,-1,-7,-6,-4,-17
317,87,82,84,84,6,85,82,83,84,1,-2.0,-1,2,0,1,0,5
318,84,83,83,83,5,70,68,72,72,85,2.0,1,14,15,11,11,-80
319,72,67,72,71,50,83,74,74,77,41,-1.0,-1,-11,-7,-2,-6,9
320,87,83,85,85,2,74,74,74,73,68,5.0,1,13,9,11,12,-66
321,77,74,78,77,13,77,76,77,76,16,2.0,1,0,-2,1,1,-3
322,79,75,76,75,34,70,68,72,72,85,1.0,1,9,7,4,3,-51
323,84,84,84,84,7,79,78,79,78,8,4.0,1,5,6,5,6,-1
324,72,67,72,71,50,78,82,84,82,10,-1.0,-1,-6,-15,-12,-11,40
325,86,82,84,85,4,81,70,75,74,23,2.0,1,5,12,9,11,-19
326,74,73,76,76,46,86,80,81,82,3,-1.0,-1,-12,-7,-5,-6,43
327,72,66,69,70,49,75,68,73,74,56,3.0,1,-3,-2,-4,-4,-7
328,81,75,73,75,21,87,82,84,84,6,1.0,1,-6,-7,-11,-9,15
329,74,74,74,73,68,79,75,78,78,39,2.0,1,-5,-1,-4,-5,29
330,69,63,66,70,44,68,76,76,76,25,-1.0,-1,1,-13,-10,-6,19
331,78,74,74,74,37,70,68,72,72,85,1.0,1,8,6,2,2,-48
332,78,82,84,82,10,72,67,72,71,50,3.0,1,6,15,12,11,-40
333,82,76,76,78,12,84,83,83,83,5,-1.0,-1,-2,-7,-7,-5,7
334,78,68,72,74,22,84,84,84,84,7,1.0,1,-6,-16,-12,-10,15
335,79,73,76,77,27,72,67,72,71,50,-1.0,-1,7,6,4,6,-23
336,85,83,83,83,9,69,75,71,73,58,2.0,1,16,8,12,10,-49
337,68,76,76,76,25,87,82,84,84,6,-1.0,-1,-19,-6,-8,-8,19
338,74,74,74,73,68,72,67,72,71,50,3.0,1,2,7,2,2,18
339,85,82,83,84,1,84,84,84,84,7,1.0,1,1,-2,-1,0,-6
340,79,75,76,75,34,85,83,83,83,9,-1.0,-1,-6,-8,-7,-8,25
341,75,68,73,74,56,76,74,77,76,36,-1.0,-1,-1,-6,-4,-2,20
342,87,83,85,85,2,87,82,84,84,6,1.0,1,0,1,1,1,-4
343,77,74,78,77,13,78,74,74,74,37,-1.0,-1,-1,0,4,3,-24
344,69,75,71,73,58,87,83,85,85,2,-4.0,-1,-18,-8,-14,-12,56
345,86,82,84,85,4,83,74,74,77,41,1.0,1,3,8,10,8,-37
346,72,66,69,70,49,82,76,76,78,12,1.0,1,-10,-10,-7,-8,37
347,78,68,72,74,22,77,76,77,76,16,-1.0,-1,1,-8,-5,-2,6
348,78,74,73,75,32,86,83,80,84,3,-2.0,-1,-8,-9,-7,-9,29
349,72,73,71,73,49,75,75,76,75,27,1.0,1,-3,-2,-5,-2,22
350,76,77,78,76,62,81,78,77,78,9,-1.0,-1,-5,-1,1,-2,53
351,85,83,84,83,18,87,83,86,85,1,-2.0,-1,-2,0,-2,-2,17
352,84,81,81,82,4,87,78,79,83,5,-1.0,-1,-3,3,2,-1,-1
353,72,66,73,72,69,80,70,74,73,43,2.0,1,-8,-4,-1,-1,26
354,79,82,84,82,8,67,64,66,66,89,2.0,1,12,18,18,16,-81
355,75,74,76,75,57,77,75,75,78,31,1.0,1,-2,-1,1,-3,26
356,75,75,77,76,23,84,78,66,78,7,-2.0,-1,-9,-3,11,-2,16
357,72,73,71,73,49,81,78,77,78,9,-1.0,-1,-9,-5,-6,-5,40
358,76,77,78,76,62,80,70,74,73,43,1.0,1,-4,7,4,3,19
359,78,77,78,78,29,77,75,75,78,31,1.0,1,1,2,3,0,-2
360,75,73,74,75,21,67,64,59,62,51,1.0,1,8,9,15,13,-30
361,82,84,84,83,6,75,76,77,77,28,2.0,1,7,8,7,6,-22
362,78,74,73,75,32,75,74,71,75,24,1.0,1,3,0,2,0,8
363,83,77,82,80,2,75,76,77,77,28,1.0,1,8,1,5,3,-26
364,72,74,70,71,41,78,77,78,78,29,-2.0,-1,-6,-3,-8,-7,12
365,73,69,73,72,44,84,81,81,82,4,-3.0,-1,-11,-12,-8,-10,40
366,78,72,74,76,35,79,76,68,75,50,1.0,1,-1,-4,6,1,-15
367,75,73,74,75,21,75,75,76,75,27,1.0,1,0,-2,-2,0,-6
368,79,82,84,82,8,80,75,75,76,38,2.0,1,-1,7,9,6,-30
369,76,76,78,76,12,75,74,71,75,24,-2.0,-1,1,2,7,1,-12
370,77,76,74,75,13,78,72,74,76,35,-1.0,-1,-1,4,0,-1,-22
371,83,81,83,83,16,75,76,77,77,28,-1.0,-1,8,5,6,6,-12
372,85,83,84,83,18,67,64,66,66,89,-1.0,-1,18,19,18,17,-71
373,74,68,69,70,15,67,64,59,62,51,2.0,1,7,4,10,8,-36
374,83,77,82,80,2,73,69,73,72,44,5.0,1,10,8,9,8,-42
375,72,70,70,72,52,75,75,76,75,27,1.0,1,-3,-5,-6,-3,25
376,87,83,86,85,1,72,66,73,72,69,6.0,1,15,17,13,13,-68
377,84,81,81,82,4,75,73,74,75,21,4.0,1,9,8,7,7,-17
378,83,77,82,80,2,75,75,76,75,27,2.0,1,8,2,6,5,-25
379,72,70,70,72,52,84,78,66,78,7,-3.0,-1,-12,-8,4,-6,45
380,87,83,86,85,1,75,75,77,76,23,-1.0,-1,12,8,9,9,-22
381,85,83,84,83,18,75,76,77,77,28,-2.0,-1,10,7,7,6,-10
382,80,75,75,76,38,75,75,76,75,27,-1.0,-1,5,0,-1,1,11
383,76,76,78,76,12,87,78,79,83,5,-2.0,-1,-11,-2,-1,-7,7
384,75,76,77,77,28,84,78,66,78,7,-1.0,-1,-9,-2,11,-1,21
385,72,70,70,72,52,85,83,84,83,18,1.0,1,-13,-13,-14,-11,34
386,74,68,69,70,15,82,84,84,83,6,-1.0,-1,-8,-16,-15,-13,9
387,80,75,75,76,38,83,77,82,80,2,-1.0,-1,-3,-2,-7,-4,36
388,87,78,79,83,5,75,76,77,77,28,2.0,1,12,2,2,6,-23
389,84,81,81,82,4,82,84,84,83,6,3.0,1,2,-3,-3,-1,-2
390,87,83,86,85,1,79,82,84,82,8,1.0,1,8,1,2,3,-7
391,87,78,79,83,5,84,81,81,82,4,-4.0,-1,3,-3,-2,1,1
392,75,74,71,75,24,87,83,86,85,1,-1.0,-1,-12,-9,-15,-10,23
393,84,78,66,78,7,83,77,82,80,2,-1.0,-1,1,1,-16,-2,5
394,84,81,81,82,4,87,83,86,85,1,-1.0,-1,-3,-2,-5,-3,3
395,84,78,66,78,7,84,81,81,82,4,-1.0,-1,0,-3,-15,-4,3
396,83,77,82,80,2,87,83,86,85,1,-1.0,-1,-4,-6,-4,-5,1
397,72,73,71,73,49,75,75,77,76,23,-1.0,-1,-3,-2,-6,-3,26
398,82,84,84,83,6,73,69,73,72,44,1.0,1,9,15,11,11,-38
399,78,74,73,75,32,87,78,79,83,5,-1.0,-1,-9,-4,-6,-8,27
400,77,76,74,75,13,85,83,84,83,18,1.0,1,-8,-7,-10,-8,-5
401,72,66,73,72,69,80,75,75,76,38,-3.0,-1,-8,-9,-2,-4,31
402,82,79,77,80,10,80,70,74,73,43,1.0,1,2,9,3,7,-33
403,74,68,69,70,15,75,73,74,75,21,2.0,1,-1,-5,-5,-5,-6
404,82,73,75,77,36,75,74,76,75,57,3.0,1,7,-1,-1,2,-21
405,78,77,78,78,29,79,76,68,75,50,2.0,1,-1,1,10,3,-21
406,76,77,78,76,62,84,81,81,82,4,-1.0,-1,-8,-4,-3,-6,58
407,82,84,84,83,6,80,70,74,73,43,4.0,1,2,14,10,10,-37
408,74,68,69,70,15,72,74,70,71,41,-1.0,-1,2,-6,-1,-1,-26
409,82,73,75,77,36,73,69,73,72,44,2.0,1,9,4,2,5,-8
410,75,76,77,77,28,67,68,74,72,67,-1.0,-1,8,8,3,5,-39
411,83,77,82,80,2,75,75,69,72,86,1.0,1,8,2,13,8,-84
412,77,76,74,75,13,79,82,84,82,8,1.0,1,-2,-6,-10,-7,5
413,72,66,73,72,69,75,73,74,75,21,-1.0,-1,-3,-7,-1,-3,48
414,75,75,77,76,23,82,84,84,83,6,-2.0,-1,-7,-9,-7,-7,17
415,78,77,78,78,29,76,77,78,76,62,1.0,1,2,0,0,2,-33
416,77,75,75,78,31,75,74,76,75,57,1.0,1,2,1,-1,3,-26
417,78,74,73,75,32,82,79,77,80,10,-1.0,-1,-4,-5,-4,-5,22
418,79,82,84,82,8,75,75,76,75,27,2.0,1,4,7,8,7,-19
419,85,83,84,83,18,79,76,68,75,50,2.0,1,6,7,16,8,-32
420,86,83,80,84,3,78,72,74,76,35,2.0,1,8,11,6,8,-32
421,67,64,66,66,89,84,78,66,78,7,-4.0,-1,-17,-14,0,-12,82
422,81,78,77,78,9,77,76,74,75,13,1.0,1,4,2,3,3,-4
423,75,75,69,72,86,73,69,73,72,44,-1.0,-1,2,6,-4,0,42
424,83,77,82,80,2,82,73,75,77,36,3.0,1,1,4,7,3,-34
425,67,64,59,62,51,75,74,71,75,24,-2.0,-1,-8,-10,-12,-13,27
426,75,74,76,75,57,87,83,86,85,1,-1.0,-1,-12,-9,-10,-10,56
427,87,78,79,83,5,86,83,80,84,3,1.0,1,1,-5,-1,-1,2
428,72,73,71,73,49,76,76,78,76,12,-1.0,-1,-4,-3,-7,-3,37
429,82,84,84,83,6,85,83,84,83,18,-1.0,-1,-3,1,0,0,-12
430,78,74,73,75,32,77,76,74,75,13,-1.0,-1,1,-2,-1,0,19
431,83,77,82,80,2,78,77,78,78,29,1.0,1,5,0,4,2,-27
432,82,79,77,80,10,76,77,78,76,62,-2.0,-1,6,2,-1,4,-52
433,85,80,81,83,10,82,81,78,81,8,1.0,1,3,-1,3,2,2
434,81,77,79,78,12,77,74,77,77,47,2.0,1,4,3,2,1,-35
435,75,75,73,75,10,83,83,85,83,7,-1.0,-1,-8,-8,-12,-8,3
436,83,80,83,82,15,82,82,81,83,5,1.0,1,1,-2,2,-1,10
437,85,76,82,81,2,73,73,69,73,72,2.0,1,12,3,13,8,-70
438,80,76,73,74,24,78,67,74,74,64,-1.0,-1,2,9,-1,0,-40
439,77,74,74,75,51,68,74,71,71,84,3.0,1,9,0,3,4,-33
440,73,73,69,73,72,77,79,78,77,37,-2.0,-1,-4,-6,-9,-4,35
441,72,67,75,72,36,85,76,82,81,2,-4.0,-1,-13,-9,-7,-9,34
442,73,71,71,71,27,79,79,81,82,6,-1.0,-1,-6,-8,-10,-11,21
443,86,84,85,85,1,77,74,77,77,47,1.0,1,9,10,8,8,-46
444,82,82,81,83,5,77,74,74,75,51,2.0,1,5,8,7,8,-46
445,83,81,81,82,3,76,72,73,73,20,-1.0,-1,7,9,8,9,-17
446,77,75,74,76,25,83,79,74,78,4,-1.0,-1,-6,-4,0,-2,21
447,85,76,82,81,2,72,67,75,72,36,2.0,1,13,9,7,9,-34
448,82,81,78,81,8,73,73,71,71,78,2.0,1,9,8,7,10,-70
449,77,75,74,76,25,68,74,71,71,84,5.0,1,9,1,3,5,-59
450,83,81,81,82,3,83,79,74,78,4,1.0,1,0,2,7,4,-1
451,77,75,74,76,25,77,74,74,75,51,1.0,1,0,1,0,1,-26
452,78,76,78,77,22,67,66,63,64,105,3.0,1,11,10,15,13,-83
453,73,73,69,73,72,83,81,81,82,3,-1.0,-1,-10,-8,-12,-9,69
454,82,81,78,81,8,80,76,73,74,24,1.0,1,2,5,5,7,-16
455,78,67,74,74,64,85,80,81,83,10,1.0,1,-7,-13,-7,-9,54
456,79,79,81,82,6,77,75,74,76,25,-2.0,-1,2,4,7,6,-19
457,81,75,73,76,14,73,73,71,71,78,5.0,1,8,2,2,5,-64
458,78,67,74,74,64,83,80,83,82,15,-1.0,-1,-5,-13,-9,-8,49
459,82,82,81,83,5,67,67,76,72,52,2.0,1,15,15,5,11,-47
460,83,81,81,82,3,82,82,81,83,5,1.0,1,1,-1,0,-1,-2
461,79,79,81,82,6,86,84,85,85,1,1.0,1,-7,-5,-4,-3,5
462,80,76,73,74,24,77,74,77,77,47,3.0,1,3,2,-4,-3,-23
463,77,74,74,75,51,75,75,73,75,10,1.0,1,2,-1,1,0,41
464,73,70,73,72,75,83,83,85,83,7,-3.0,-1,-10,-13,-12,-11,68
465,72,67,75,72,36,81,75,73,76,14,1.0,1,-9,-8,2,-4,22
466,75,75,73,75,10,80,76,73,74,24,2.0,1,-5,-1,0,1,-14
467,73,73,71,71,78,85,76,82,81,2,-2.0,-1,-12,-3,-11,-10,76
468,79,79,81,82,6,73,71,71,71,27,1.0,1,6,8,10,11,-21
469,75,75,76,76,18,73,70,73,72,75,2.0,1,2,5,3,4,-57
470,82,82,81,83,5,85,80,81,83,10,2.0,1,-3,2,0,0,-5
471,77,74,77,77,47,86,84,85,85,1,-2.0,-1,-9,-10,-8,-8,46
472,73,73,71,71,78,81,75,73,76,14,-1.0,-1,-8,-2,-2,-5,64
473,79,76,79,78,26,83,81,81,82,3,-2.0,-1,-4,-5,-2,-4,23
474,79,79,81,82,6,68,74,71,71,84,3.0,1,11,5,10,11,-78
475,78,76,78,77,22,82,82,81,83,5,-1.0,-1,-4,-6,-3,-6,17
476,86,84,85,85,1,77,74,74,75,51,2.0,1,9,10,11,10,-50
477,81,75,73,76,14,85,76,82,81,2,1.0,1,-4,-1,-9,-5,12
478,77,79,78,77,37,67,73,72,72,55,1.0,1,10,6,6,5,-18
479,75,75,73,75,10,81,75,73,76,14,2.0,1,-6,0,0,-1,-4
480,78,67,74,74,64,79,79,81,82,6,-2.0,-1,-1,-12,-7,-8,58
481,79,76,79,78,26,81,77,79,78,12,-3.0,-1,-2,-1,0,0,14
482,83,83,85,83,7,86,84,85,85,1,1.0,1,-3,-1,0,-2,6
483,83,81,81,82,3,85,76,82,81,2,3.0,1,-2,5,-1,1,1
484,76,74,78,75,8,67,73,72,72,55,-2.0,-1,9,1,6,3,-47
485,79,79,81,82,6,83,79,74,78,4,-1.0,-1,-4,0,7,4,2
486,78,67,74,74,64,72,67,75,72,36,1.0,1,6,0,-1,2,28
487,75,74,69,73,59,69,70,73,70,88,2.0,1,6,4,-4,3,-29
488,79,76,81,78,11,88,73,76,76,21,-2.0,-1,-9,3,5,2,-10
489,79,74,75,75,18,81,78,79,79,12,-2.0,-1,-2,-4,-4,-4,6
490,85,84,83,84,5,86,76,85,81,6,-1.0,-1,-1,8,-2,3,-1
491,86,82,84,83,2,84,81,83,83,13,-1.0,-1,2,1,1,0,-11
492,82,75,75,75,19,86,76,75,76,9,-2.0,-1,-4,-1,0,-1,10
493,71,72,69,71,117,78,75,73,75,26,-3.0,-1,-7,-3,-4,-4,91
494,73,76,77,76,15,87,79,82,83,4,-2.0,-1,-14,-3,-5,-7,11
495,82,71,79,77,17,68,66,69,72,37,2.0,1,14,5,10,5,-20
496,68,66,69,72,37,82,71,79,77,17,-3.0,-1,-14,-5,-10,-5,20
497,69,70,68,69,40,88,75,72,76,71,1.0,1,-19,-5,-4,-7,-31
498,79,74,75,75,18,84,83,80,83,14,-2.0,-1,-5,-9,-5,-8,4
499,69,70,73,70,88,76,74,76,76,36,1.0,1,-7,-4,-3,-6,52
500,86,76,85,81,6,67,65,72,70,55,-1.0,-1,19,11,13,11,-49
501,78,75,73,75,26,85,84,83,84,5,-1.0,-1,-7,-9,-10,-9,21
502,73,76,77,76,15,86,82,84,83,2,2.0,1,-13,-6,-7,-7,13
503,67,65,72,70,55,76,74,76,76,36,-2.0,-1,-9,-9,-4,-6,19
504,73,76,77,76,15,73,74,70,71,46,-1.0,-1,0,2,7,5,-31
505,84,81,82,82,8,81,78,79,79,12,-3.0,-1,3,3,3,3,-4
506,87,79,82,83,4,76,66,76,70,20,4.0,1,11,13,6,13,-16
507,85,84,83,84,5,80,79,77,78,30,1.0,1,5,5,6,6,-25
508,85,81,81,82,3,76,74,76,76,36,-2.0,-1,9,7,5,6,-33
509,82,75,75,75,19,84,83,80,83,14,2.0,1,-2,-8,-5,-8,5
510,68,66,69,72,37,86,76,75,76,9,-1.0,-1,-18,-10,-6,-4,28
511,84,83,80,83,14,87,79,82,83,4,-1.0,-1,-3,4,-2,0,10
512,86,82,84,83,2,85,81,81,82,3,1.0,1,1,1,3,1,-1
513,86,76,85,81,6,79,74,75,75,18,-1.0,-1,7,2,10,6,-12
514,76,66,76,70,20,86,76,75,76,9,1.0,1,-10,-10,1,-6,11
515,77,71,76,76,28,79,76,81,78,11,-2.0,-1,-2,-5,-5,-2,17
516,84,77,75,79,7,68,66,69,72,37,2.0,1,16,11,6,7,-30
517,79,74,75,75,18,85,81,81,82,3,-1.0,-1,-6,-7,-6,-7,15
518,86,76,85,81,6,86,82,84,83,2,-1.0,-1,0,-6,1,-2,4
519,88,73,76,76,21,85,84,83,84,5,-1.0,-1,3,-11,-7,-8,16
520,71,74,72,74,10,81,78,79,79,12,1.0,1,-10,-4,-7,-5,-2
521,79,74,75,75,18,86,82,84,83,2,-1.0,-1,-7,-8,-9,-8,16
522,85,81,81,82,3,86,76,85,81,6,1.0,1,-1,5,-4,1,-3
523,79,76,81,78,11,88,84,87,86,1,-1.0,-1,-9,-8,-6,-8,10
524,84,81,82,82,8,77,71,76,76,28,2.0,1,7,10,6,6,-20
525,88,73,76,76,21,84,81,83,83,13,2.0,1,4,-8,-7,-7,8
526,86,82,84,83,2,71,74,72,74,10,2.0,1,15,8,12,9,-8
527,88,84,87,86,1,84,81,83,83,13,2.0,1,4,3,4,3,-12
528,86,82,84,83,2,84,81,82,82,8,-1.0,-1,2,1,2,1,-6
529,88,84,87,86,1,84,81,82,82,8,4.0,1,4,3,5,4,-7
530,75,74,69,73,59,76,74,76,76,36,2.0,1,-1,0,-7,-3,23
531,80,79,77,78,30,86,76,85,81,6,2.0,1,-6,3,-8,-3,24
532,79,76,81,78,11,73,76,77,76,15,-2.0,-1,6,0,4,2,-4
533,76,66,76,70,20,82,71,79,77,17,3.0,1,-6,-5,-3,-7,3
534,85,84,83,84,5,84,81,82,82,8,1.0,1,1,3,1,2,-3
535,86,82,84,83,2,87,79,82,83,4,-2.0,-1,-1,3,2,0,-2
536,78,75,73,75,26,71,74,72,74,10,-1.0,-1,7,1,1,1,16
537,74,72,76,75,56,76,71,71,71,34,2.0,1,-2,1,5,4,22
538,77,72,76,73,35,73,74,70,71,46,1.0,1,4,-2,6,2,-11
539,88,73,76,76,21,84,83,80,83,14,-3.0,-1,4,-10,-4,-7,7
540,86,76,75,76,9,84,77,75,79,7,4.0,1,2,-1,0,-3,2
541,69,70,73,70,88,84,81,83,83,13,-1.0,-1,-15,-11,-10,-13,75
542,86,76,85,81,6,76,74,76,76,36,2.0,1,10,2,9,5,-30
543,81,78,79,79,12,71,72,69,71,117,2.0,1,10,6,10,8,-105
544,77,72,76,73,35,73,76,77,76,15,-2.0,-1,4,-4,-1,-3,20
545,75,74,69,73,59,86,82,84,83,2,-1.0,-1,-11,-8,-15,-10,57
546,82,71,79,77,17,86,76,75,76,9,-2.0,-1,-4,-5,4,1,8
547,70,68,74,71,49,86,76,85,81,6,-3.0,-1,-16,-8,-11,-10,43
548,84,83,80,83,14,87,79,82,83,4,1.0,1,-3,4,-2,0,10
549,87,79,82,83,4,84,77,75,79,7,3.0,1,3,2,7,4,-3
550,76,66,76,70,20,82,71,79,77,17,2.0,1,-6,-5,-3,-7,3
551,77,71,76,76,28,86,82,84,83,2,-5.0,-1,-9,-11,-8,-7,26
552,77,70,74,74,54,71,67,69,71,76,1.0,1,6,3,5,3,-22
553,81,78,79,79,12,85,81,81,82,3,1.0,1,-4,-3,-2,-3,9
554,76,74,76,76,36,73,74,70,71,46,-1.0,-1,3,0,6,5,-10
555,80,79,77,78,30,74,72,76,75,56,2.0,1,6,7,1,3,-26
556,82,71,79,77,17,87,79,82,83,4,-1.0,-1,-5,-8,-3,-6,13
557,86,76,75,76,9,88,75,72,76,71,3.0,1,-2,1,3,0,-62
558,70,68,74,71,49,76,74,76,76,36,2.0,1,-6,-6,-2,-5,13
559,84,81,82,82,8,79,74,75,75,18,2.0,1,5,7,7,7,-10
560,73,74,70,71,46,86,76,85,81,6,-3.0,-1,-13,-2,-15,-10,40
561,70,68,74,71,49,78,75,73,75,26,-2.0,-1,-8,-7,1,-4,23
562,77,71,76,76,28,71,74,72,74,10,-1.0,-1,6,-3,4,2,18
563,84,81,82,82,8,84,81,83,83,13,-1.0,-1,0,0,-1,-1,-5
564,77,70,74,74,54,84,77,75,79,7,-2.0,-1,-7,-7,-1,-5,47
565,73,74,70,71,46,80,79,77,78,30,1.0,1,-7,-5,-7,-7,16
566,88,73,76,76,21,85,84,83,84,5,2.0,1,3,-11,-7,-8,16
567,87,79,82,83,4,84,83,80,83,14,1.0,1,3,-4,2,0,-10
568,68,68,72,70,61,74,75,73,74,47,-1.0,-1,-6,-7,-1,-4,14
569,84,73,75,76,25,68,69,70,70,63,3.0,1,16,4,5,6,-38
570,71,68,69,70,29,77,75,74,75,69,-3.0,-1,-6,-7,-5,-5,-40
571,76,70,78,76,12,62,67,66,67,51,1.0,1,14,3,12,9,-39
572,82,81,81,82,10,83,83,79,82,11,1.0,1,-1,-2,2,0,-1
573,84,81,81,82,21,84,82,83,84,2,-1.0,-1,0,-1,-2,-2,19
574,75,72,74,74,60,77,75,74,75,69,2.0,1,-2,-3,0,-1,-9
575,83,80,81,81,14,76,67,73,72,22,-1.0,-1,7,13,8,9,-8
576,71,68,69,70,29,71,69,70,71,57,1.0,1,0,-1,-1,-1,-28
577,87,84,86,86,1,81,78,75,79,6,2.0,1,6,6,11,7,-5
578,84,73,75,76,25,87,78,79,82,3,-1.0,-1,-3,-5,-4,-6,22
579,77,74,76,76,40,73,75,75,75,27,-2.0,-1,4,-1,1,1,13
580,87,78,79,82,3,74,70,69,71,37,3.0,1,13,8,10,11,-34
581,80,75,77,77,4,67,64,65,66,71,5.0,1,13,11,12,11,-67
582,73,75,75,75,27,77,74,74,75,26,-3.0,-1,-4,1,1,0,1
583,76,69,74,73,39,76,70,78,76,12,1.0,1,0,-1,-4,-3,27
584,76,70,78,76,12,81,78,75,79,6,2.0,1,-5,-8,3,-3,6
585,76,67,73,72,22,79,70,73,74,49,3.0,1,-3,-3,0,-2,-27
586,84,81,81,82,21,87,84,86,86,1,-1.0,-1,-3,-3,-5,-4,20
587,74,70,69,71,37,80,75,77,77,4,1.0,1,-6,-5,-8,-6,33
588,67,64,65,66,71,83,83,79,82,11,-4.0,-1,-16,-19,-14,-16,60
589,76,67,73,72,22,84,82,83,84,2,-2.0,-1,-8,-15,-10,-12,20
590,77,74,76,76,40,71,71,70,71,30,-2.0,-1,6,3,6,5,10
591,73,74,74,74,53,84,73,75,76,25,1.0,1,-11,1,-1,-2,28
592,79,70,73,74,49,76,70,78,76,12,-1.0,-1,3,0,-5,-2,37
593,83,80,81,81,14,81,76,78,79,19,1.0,1,2,4,3,2,-5
594,83,83,79,82,11,84,81,81,82,21,3.0,1,-1,2,-2,0,-10
595,76,70,78,76,12,67,64,65,66,71,2.0,1,9,6,13,10,-59
596,80,75,77,77,4,76,69,74,73,39,2.0,1,4,6,3,4,-35
597,87,84,86,86,1,75,72,74,74,60,2.0,1,12,12,12,12,-59
598,74,70,69,71,37,81,78,75,79,6,-1.0,-1,-7,-8,-6,-8,31
599,76,75,74,75,24,83,82,82,83,8,-1.0,-1,-7,-7,-8,-8,16
600,87,84,86,86,1,81,78,75,79,6,1.0,1,6,6,11,7,-5
601,83,83,79,82,11,76,75,74,75,24,2.0,1,7,8,5,7,-13
602,83,83,79,82,11,83,82,82,83,8,2.0,1,0,1,-3,-1,3
603,83,83,79,82,11,81,78,75,79,6,1.0,1,2,5,4,3,5
604,73,74,74,74,53,74,76,72,74,15,-2.0,-1,-1,-2,2,0,38
605,76,67,73,72,22,87,84,86,86,1,-2.0,-1,-11,-17,-13,-14,21
606,82,81,81,82,10,73,73,73,74,35,1.0,1,9,8,8,8,-25
607,68,69,70,70,63,71,71,70,71,30,2.0,1,-3,-2,0,-1,33
608,83,82,82,83,8,87,78,79,82,3,-1.0,-1,-4,4,3,1,5
609,68,70,68,70,90,81,76,78,79,19,1.0,1,-13,-6,-10,-9,71
610,77,75,74,75,69,77,74,74,75,26,1.0,1,0,1,0,0,43
611,84,73,75,76,25,74,75,73,74,47,2.0,1,10,-2,2,2,-22
612,80,75,77,77,4,76,67,73,72,22,1.0,1,4,8,4,5,-18
613,68,69,70,70,63,87,84,86,86,1,-2.0,-1,-19,-15,-16,-16,62
614,84,82,83,84,2,73,74,74,74,53,3.0,1,11,8,9,10,-51
615,75,72,74,74,60,84,73,75,76,25,-1.0,-1,-9,-1,-1,-2,35
616,68,70,68,70,90,83,80,81,81,14,-2.0,-1,-15,-10,-13,-11,76
617,79,70,73,74,49,67,64,65,66,71,4.0,1,12,6,8,8,-22
618,76,69,74,73,39,81,78,75,79,6,-1.0,-1,-5,-9,-1,-6,33
619,71,68,69,70,29,71,69,70,71,43,3.0,1,0,-1,-1,-1,-14
620,73,73,73,74,35,79,79,79,80,5,-2.0,-1,-6,-6,-6,-6,30
621,83,83,79,82,11,71,69,70,71,57,6.0,1,12,14,9,11,-46
622,73,74,74,74,53,75,72,74,74,60,1.0,1,-2,2,0,0,-7
623,83,82,82,83,8,73,75,75,75,27,1.0,1,10,7,7,8,-19
624,74,75,73,74,47,78,76,77,77,7,-2.0,-1,-4,-1,-4,-3,40
625,79,70,73,74,49,87,78,79,82,3,-3.0,-1,-8,-8,-6,-8,46
626,71,68,69,70,29,77,74,76,76,40,-2.0,-1,-6,-6,-7,-6,-11
627,81,78,75,79,6,80,75,77,77,4,2.0,1,1,3,-2,2,2
628,74,70,69,71,37,76,69,74,73,39,1.0,1,-2,1,-5,-2,-2
629,87,78,79,82,3,76,69,74,73,39,2.0,1,11,9,5,9,-36
630,76,67,73,72,22,81,78,75,79,6,1.0,1,-5,-11,-2,-7,16
631,84,81,81,82,21,71,69,70,71,57,6.0,1,13,12,11,11,-36
632,84,82,83,84,2,75,72,74,74,60,3.0,1,9,10,9,10,-58
633,84,74,81,81,8,71,69,70,71,43,7.0,1,13,5,11,10,-35
634,71,71,70,71,30,74,75,73,74,47,3.0,1,-3,-4,-3,-3,-17
635,71,68,64,69,76,73,75,75,75,27,-1.0,-1,-2,-7,-11,-6,49
636,76,70,78,76,12,76,67,73,72,22,1.0,1,0,3,5,4,-10
637,82,81,81,82,10,77,75,74,75,69,2.0,1,5,6,7,7,-59
638,84,81,81,82,21,68,69,70,70,63,3.0,1,16,12,11,12,-42
639,79,70,73,74,49,80,75,77,77,4,-1.0,-1,-1,-5,-4,-3,45
640,84,73,75,76,25,84,82,83,84,2,-2.0,-1,0,-9,-8,-8,23
641,78,76,77,77,7,71,71,70,71,30,1.0,1,7,5,7,6,-23
642,77,74,76,76,40,84,74,81,81,8,-2.0,-1,-7,0,-5,-5,32
643,81,78,75,79,6,87,78,79,82,3,1.0,1,-6,0,-4,-3,3
644,79,79,79,80,5,80,75,77,77,4,-2.0,-1,-1,4,2,3,1
645,77,74,74,75,26,74,75,73,74,47,1.0,1,3,-1,1,1,-21
646,82,81,81,82,10,76,70,78,76,12,-2.0,-1,6,11,3,6,-2
647,74,76,72,74,15,71,68,69,70,29,2.0,1,3,8,3,4,-14
648,83,80,81,81,14,84,73,75,76,25,1.0,1,-1,7,6,5,-11
649,77,74,76,76,40,68,70,68,70,90,1.0,1,9,4,8,6,-50
650,83,83,79,82,11,76,70,78,76,12,1.0,1,7,13,1,6,-1
651,82,81,81,82,10,84,82,83,84,2,-1.0,-1,-2,-1,-2,-2,8
652,74,75,73,74,47,73,73,73,74,35,-1.0,-1,1,2,0,0,12
653,68,68,72,70,61,87,84,86,86,1,1.0,1,-19,-16,-14,-16,60
654,84,73,75,76,25,83,80,81,81,14,-1.0,-1,1,-7,-6,-5,11
655,66,65,58,65,79,76,75,74,75,24,-2.0,-1,-10,-10,-16,-10,55
656,75,74,72,73,68,80,73,74,75,44,-3.0,-1,-5,1,-2,-2,24
657,72,68,69,71,94,71,66,73,71,27,-1.0,-1,1,2,-4,0,67
658,84,81,80,81,20,71,74,73,74,32,1.0,1,13,7,7,7,-12
659,85,80,81,82,7,85,74,78,80,5,2.0,1,0,6,3,2,2
660,84,82,84,84,1,78,72,76,75,13,1.0,1,6,10,8,9,-12
661,73,67,71,70,50,67,69,71,70,63,-1.0,-1,6,-2,0,0,-13
662,80,73,74,75,44,74,70,72,73,37,-1.0,-1,6,3,2,2,7
663,69,69,70,71,57,84,83,80,82,6,-5.0,-1,-15,-14,-10,-11,51
664,77,75,77,77,46,82,73,75,75,39,1.0,1,-5,2,2,2,7
665,75,73,74,74,61,77,75,77,77,46,-1.0,-1,-2,-2,-3,-3,15
666,85,80,81,82,7,75,74,72,73,68,4.0,1,10,6,9,9,-61
667,71,74,73,74,32,82,73,75,75,39,1.0,1,-11,1,-2,-1,-7
668,76,76,72,76,40,78,70,73,74,76,-1.0,-1,-2,6,-1,2,-36
669,84,81,80,81,20,76,69,68,72,54,3.0,1,8,12,12,9,-34
670,84,82,86,85,10,72,63,65,67,103,2.0,1,12,19,21,18,-93
671,84,78,76,79,8,71,70,69,71,43,1.0,1,13,8,7,8,-35
672,79,74,74,76,17,71,66,73,71,27,2.0,1,8,8,1,5,-10
673,82,73,75,75,39,80,79,79,80,4,-2.0,-1,2,-6,-4,-5,35
674,73,75,74,75,22,74,74,75,74,29,-1.0,-1,-1,1,-1,1,-7
675,70,75,77,76,12,76,69,68,72,54,2.0,1,-6,6,9,4,-42
676,72,63,65,67,103,75,75,73,74,18,-1.0,-1,-3,-12,-8,-7,85
677,79,74,74,76,17,81,80,81,80,9,-1.0,-1,-2,-6,-7,-4,8
678,85,78,81,82,2,71,71,71,72,36,2.0,1,14,7,10,10,-34
679,75,73,74,74,61,81,80,81,80,9,-4.0,-1,-6,-7,-7,-6,52
680,78,72,76,75,13,72,68,69,71,94,2.0,1,6,4,7,4,-81
681,79,74,74,76,17,76,76,72,76,40,1.0,1,3,-2,2,0,-23
682,84,82,86,85,10,85,74,78,80,5,-4.0,-1,-1,8,8,5,5
683,84,81,80,81,20,80,81,83,83,11,-1.0,-1,4,0,-3,-2,9
684,70,75,77,76,12,71,66,73,71,27,1.0,1,-1,9,4,5,-15
685,84,82,84,84,1,81,80,81,80,9,4.0,1,3,2,3,4,-8
686,72,68,69,71,94,85,74,78,80,5,-1.0,-1,-13,-6,-9,-9,89
687,84,82,86,85,10,78,72,76,75,13,-2.0,-1,6,10,10,10,-3
688,84,78,76,79,8,84,81,80,81,20,1.0,1,0,-3,-4,-2,-12
689,70,75,77,76,12,85,80,81,82,7,-3.0,-1,-15,-5,-4,-6,5
690,72,68,69,71,94,84,82,86,85,10,-3.0,-1,-12,-14,-17,-14,84
691,84,83,80,82,6,76,76,72,76,40,3.0,1,8,7,8,6,-34
692,85,74,78,80,5,78,72,76,75,13,2.0,1,7,2,2,5,-8
693,80,81,83,83,11,84,78,76,79,8,-1.0,-1,-4,3,7,4,3
694,81,76,76,78,3,84,78,76,79,8,2.0,1,-3,-2,0,-1,-5
695,84,83,80,82,6,81,76,76,78,3,1.0,1,3,7,4,4,3
696,85,80,81,82,7,84,82,84,84,1,-1.0,-1,1,-2,-3,-2,6
697,84,83,80,82,6,84,82,84,84,1,-6.0,-1,0,1,-4,-2,5
698,84,83,80,82,6,85,74,78,80,5,-3.0,-1,-1,9,2,2,1
699,84,82,84,84,1,85,78,81,82,2,1.0,1,-1,4,3,2,-1
700,71,74,73,74,32,77,75,77,77,46,-1.0,-1,-6,-1,-4,-3,-14
701,84,81,80,81,20,75,74,72,73,68,1.0,1,9,7,8,8,-48
702,84,82,84,84,1,85,78,81,82,2,-2.0,-1,-1,4,3,2,-1
703,80,79,79,80,4,72,68,69,71,94,2.0,1,8,11,10,9,-90
704,84,82,84,84,1,74,70,72,73,37,1.0,1,10,12,12,11,-36
705,75,75,73,74,18,72,70,71,72,21,-1.0,-1,3,5,2,2,-3
706,73,67,71,70,50,71,70,69,71,43,-1.0,-1,2,-3,2,-1,7
707,70,75,77,76,12,84,81,80,81,20,-2.0,-1,-14,-6,-3,-5,-8
708,73,75,74,75,22,85,74,78,80,5,1.0,1,-12,1,-4,-5,17
709,79,74,74,76,17,72,63,65,67,103,1.0,1,7,11,9,9,-86
710,75,74,72,73,68,80,81,83,83,11,-2.0,-1,-5,-7,-11,-10,57
711,71,71,71,72,36,70,75,77,76,12,1.0,1,1,-4,-6,-4,24
712,77,75,77,77,46,73,75,74,75,22,-1.0,-1,4,0,3,2,24
713,85,78,81,82,2,84,83,80,82,6,-2.0,-1,1,-5,1,0,-4
714,85,80,81,82,7,81,80,81,80,9,1.0,1,4,0,0,2,-2
715,80,73,74,75,44,84,82,84,84,1,2.0,1,-4,-9,-10,-9,43
716,75,74,72,73,68,69,68,67,69,59,1.0,1,6,6,5,4,9
717,71,74,73,74,32,81,80,81,80,9,-1.0,-1,-10,-6,-8,-6,23
718,67,69,71,70,63,72,70,71,72,21,-2.0,-1,-5,-1,0,-2,42
719,75,75,73,74,18,71,70,69,71,43,-2.0,-1,4,5,4,3,-25
720,85,74,78,80,5,79,74,74,76,17,-1.0,-1,6,0,4,4,-12
721,77,75,77,77,46,84,83,80,82,6,-4.0,-1,-7,-8,-3,-5,40
722,73,67,71,70,50,67,69,71,70,63,1.0,1,6,-2,0,0,-13
723,78,70,73,74,76,76,69,68,72,54,1.0,1,2,1,5,2,22
724,72,70,71,72,21,71,70,69,71,43,2.0,1,1,0,2,1,-22
725,74,74,75,74,29,76,76,77,77,30,1.0,1,-2,-2,-2,-3,-1
726,84,81,80,81,20,71,71,71,72,36,2.0,1,13,10,9,9,-16
727,74,74,75,74,29,84,83,80,82,6,-1.0,-1,-10,-9,-5,-8,23
728,72,63,65,67,103,72,72,69,71,85,1.0,1,0,-9,-4,-4,18
729,78,72,76,75,13,84,78,76,79,8,-1.0,-1,-6,-6,0,-4,5
730,73,67,71,70,50,76,76,77,77,30,-1.0,-1,-3,-9,-6,-7,20
731,76,69,68,72,54,78,70,73,74,76,1.0,1,-2,-1,-5,-2,-22
732,81,80,81,80,9,85,78,81,82,2,1.0,1,-4,2,0,-2,7
733,74,70,72,73,37,84,81,80,81,20,-2.0,-1,-10,-11,-8,-8,17
734,71,71,71,72,36,81,76,76,78,3,-1.0,-1,-10,-5,-5,-6,33
735,84,82,86,85,10,84,82,84,84,1,-1.0,-1,0,0,2,1,9
736,68,68,71,70,64,78,75,75,76,45,1.0,1,-10,-7,-4,-6,19
737,75,69,74,73,40,71,69,69,70,35,1.0,1,4,0,5,3,5
738,83,80,80,81,22,83,83,81,82,7,-2.0,-1,0,-3,-1,-1,15
739,83,83,81,82,7,77,70,75,75,9,1.0,1,6,13,6,7,-2
740,83,80,80,81,22,71,75,75,74,28,2.0,1,12,5,5,7,-6
741,71,69,69,70,35,68,68,71,70,64,1.0,1,3,1,-2,0,-29
742,83,76,77,80,14,86,83,84,84,6,2.0,1,-3,-7,-7,-4,8
743,73,70,71,71,50,74,70,69,71,69,-1.0,-1,-1,0,2,0,-19
744,83,83,81,82,7,78,74,74,75,27,2.0,1,5,9,7,7,-20
745,83,80,80,81,22,76,80,80,81,3,-1.0,-1,7,0,0,0,19
746,77,77,78,78,37,66,65,70,68,78,4.0,1,11,12,8,10,-41
747,77,70,75,75,9,74,68,71,72,31,2.0,1,3,2,4,3,-22
748,69,72,74,73,8,76,80,80,81,3,1.0,1,-7,-8,-6,-8,5
749,68,68,71,70,64,70,66,71,70,33,-1.0,-1,-2,2,0,0,31
750,83,83,81,82,7,73,70,71,71,50,1.0,1,10,13,10,11,-43
751,82,74,78,78,5,74,70,69,71,69,-1.0,-1,8,4,9,7,-64
752,78,74,77,77,26,73,71,74,73,11,-1.0,-1,5,3,3,4,15
753,70,71,72,72,46,83,79,78,80,10,-1.0,-1,-13,-8,-6,-8,36
754,74,68,71,72,31,68,63,60,65,67,-1.0,-1,6,5,11,7,-36
755,84,80,80,81,1,78,76,75,76,20,1.0,1,6,4,5,5,-19
756,81,82,79,82,17,82,79,79,80,4,-1.0,-1,-1,3,0,2,13
757,83,83,81,82,7,82,74,78,78,5,-1.0,-1,1,9,3,4,2
758,73,70,71,71,50,74,70,69,71,69,1.0,1,-1,0,2,0,-19
759,77,70,75,75,9,68,63,60,65,67,5.0,1,9,7,15,10,-58
760,78,74,74,75,27,74,68,71,72,31,-1.0,-1,4,6,3,3,-4
761,83,83,81,82,7,74,70,69,71,69,1.0,1,9,13,12,11,-62
762,77,70,75,75,9,78,76,75,76,20,1.0,1,-1,-6,0,-1,-11
763,68,63,60,65,67,73,70,71,71,50,-2.0,-1,-5,-7,-11,-6,17
764,77,70,75,75,9,73,70,71,71,50,1.0,1,4,0,4,4,-41
765,73,70,71,71,50,77,69,73,73,61,2.0,1,-4,1,-2,-2,-11
766,66,65,70,68,78,71,70,72,71,34,-1.0,-1,-5,-5,-2,-3,44
767,84,82,83,84,2,76,73,74,75,43,2.0,1,8,9,9,9,-41
768,74,75,72,74,44,68,68,71,70,64,-1.0,-1,6,7,1,4,-20
769,82,79,79,80,4,83,80,80,81,22,-1.0,-1,-1,-1,-1,-1,-18
770,77,70,75,75,9,77,69,73,73,61,1.0,1,0,1,2,2,-52
771,78,74,77,77,26,78,75,75,76,45,1.0,1,0,-1,2,1,-19
772,75,76,77,76,12,70,71,72,72,46,1.0,1,5,5,5,4,-34
773,75,69,74,73,40,84,82,83,84,2,-1.0,-1,-9,-13,-9,-11,38
774,78,75,75,76,45,73,71,74,73,11,-3.0,-1,5,4,1,3,34
775,84,80,80,81,1,74,68,71,72,31,-2.0,-1,10,12,9,9,-30
776,68,63,60,65,67,78,76,75,76,20,-2.0,-1,-10,-13,-15,-11,47
777,77,70,75,75,9,83,83,81,82,7,2.0,1,-6,-13,-6,-7,2
778,82,74,78,78,5,73,70,71,71,50,2.0,1,9,4,7,7,-45
779,82,79,79,80,4,71,75,75,74,28,1.0,1,11,4,4,6,-24
780,74,70,69,71,69,77,69,73,73,61,-1.0,-1,-3,1,-4,-2,8
781,73,73,73,74,15,77,77,78,78,37,-2.0,-1,-4,-4,-5,-4,-22
782,71,75,75,74,28,83,80,80,81,22,-1.0,-1,-12,-5,-5,-7,6
783,74,75,72,74,44,70,66,71,70,33,1.0,1,4,9,1,4,11
784,76,73,74,75,43,75,73,75,74,54,1.0,1,1,0,-1,1,-11
785,83,83,81,82,7,74,70,69,71,69,2.0,1,9,13,12,11,-62
786,74,68,71,72,31,68,63,60,65,67,2.0,1,6,5,11,7,-36
787,81,82,79,82,17,71,70,72,71,34,1.0,1,10,12,7,11,-17
788,83,76,77,80,14,73,73,73,74,15,-1.0,-1,10,3,4,6,-1
789,73,70,71,71,50,77,70,75,75,9,-1.0,-1,-4,0,-4,-4,41
790,68,63,60,65,67,74,70,69,71,69,2.0,1,-6,-7,-9,-6,-2
791,74,68,71,72,31,78,76,75,76,20,1.0,1,-4,-8,-4,-4,11
792,71,70,72,71,34,70,66,71,70,33,-1.0,-1,1,4,1,1,1
793,76,80,80,81,3,81,82,79,82,17,2.0,1,-5,-2,1,-1,-14
794,83,80,80,81,22,84,82,83,84,2,2.0,1,-1,-2,-3,-3,20
795,86,83,84,84,6,83,79,78,80,10,2.0,1,3,4,6,4,-4
796,69,72,74,73,8,83,76,77,80,14,-1.0,-1,-14,-4,-3,-7,-6
797,78,75,75,76,45,71,75,75,74,28,1.0,1,7,0,0,2,17
798,73,71,74,73,11,75,76,77,76,12,-1.0,-1,-2,-5,-3,-3,-1
799,83,83,81,82,7,73,70,71,71,50,3.0,1,10,13,10,11,-43
800,82,74,78,78,5,84,80,80,81,1,-1.0,-1,-2,-6,-2,-3,4
801,83,79,78,80,10,83,80,80,81,22,2.0,1,0,-1,-2,-1,-12
802,77,69,73,73,61,68,63,60,65,67,1.0,1,9,6,13,8,-6
803,78,76,75,76,20,77,70,75,75,9,3.0,1,1,6,0,1,11
804,74,70,69,71,69,74,68,71,72,31,-2.0,-1,0,2,-2,-1,38
805,80,74,75,76,39,68,70,72,71,101,3.0,1,12,4,3,5,-62
806,68,64,64,66,80,82,75,76,77,5,-1.0,-1,-14,-11,-12,-11,75
807,76,74,77,76,6,88,82,81,83,1,-1.0,-1,-12,-8,-4,-7,5
808,70,73,67,73,40,76,72,73,74,57,-1.0,-1,-6,1,-6,-1,-17
809,64,65,61,65,110,79,74,75,76,17,-3.0,-1,-15,-9,-14,-11,93
810,76,73,74,75,33,78,78,77,78,14,1.0,1,-2,-5,-3,-3,19
811,83,78,79,81,20,84,81,81,82,7,-1.0,-1,-1,-3,-2,-1,13
812,85,78,79,80,8,67,68,71,69,89,-1.0,-1,18,10,8,11,-81
813,78,81,83,84,2,78,80,79,80,12,-1.0,-1,0,1,4,4,-10
814,82,73,74,77,15,68,70,72,71,101,5.0,1,14,3,2,6,-86
815,70,69,69,70,36,72,71,74,74,52,1.0,1,-2,-2,-5,-4,-16
816,88,82,81,83,1,68,64,64,66,80,2.0,1,20,18,17,17,-79
817,73,76,75,75,30,80,75,78,78,25,-1.0,-1,-7,1,-3,-3,5
818,82,75,76,77,5,72,68,73,72,19,3.0,1,10,7,3,5,-14
819,78,80,79,80,12,83,78,79,81,20,-1.0,-1,-5,2,0,-1,-8
820,78,81,83,84,2,79,81,80,81,13,3.0,1,-1,0,3,3,-11
821,79,74,75,76,17,64,65,61,65,110,2.0,1,15,9,14,11,-93
822,85,78,79,80,8,80,80,81,82,4,1.0,1,5,-2,-2,-2,4
823,76,72,73,74,57,73,74,76,75,50,1.0,1,3,-2,-3,-1,7
824,77,79,74,77,9,71,70,72,71,23,1.0,1,6,9,2,6,-14
825,74,71,69,72,68,76,74,77,76,6,-3.0,-1,-2,-3,-8,-4,62
826,78,80,79,80,12,80,75,78,78,25,1.0,1,-2,5,1,2,-13
827,78,80,79,80,12,72,68,71,71,40,1.0,1,6,12,8,9,-28
828,79,74,75,76,17,75,68,70,73,37,1.0,1,4,6,5,3,-20
829,78,78,77,78,14,80,80,81,82,4,-1.0,-1,-2,-2,-4,-4,10
830,85,78,79,80,8,71,71,73,72,81,3.0,1,14,7,6,8,-73
831,84,81,81,82,7,72,77,72,74,59,1.0,1,12,4,9,8,-52
832,70,73,67,73,40,78,76,77,78,53,1.0,1,-8,-3,-10,-5,-13
833,82,73,74,77,15,83,78,79,81,20,-1.0,-1,-1,-5,-5,-4,-5
834,78,80,79,80,12,85,78,79,80,8,1.0,1,-7,2,0,0,4
835,73,76,75,75,30,83,78,79,81,20,-2.0,-1,-10,-2,-4,-6,10
836,84,81,81,82,7,76,72,73,74,57,3.0,1,8,9,8,8,-50
837,78,81,83,84,2,73,67,70,71,22,2.0,1,5,14,13,13,-20
838,80,80,81,82,4,71,71,73,72,81,1.0,1,9,9,8,10,-77
839,72,71,74,74,52,80,75,78,78,25,-1.0,-1,-8,-4,-4,-4,27
840,80,74,75,76,39,74,73,74,74,11,3.0,1,6,1,1,2,28
841,88,82,81,83,1,76,74,77,76,6,1.0,1,12,8,4,7,-5
842,79,81,80,81,13,68,70,72,71,101,2.0,1,11,11,8,10,-88
843,72,68,71,71,40,78,78,73,76,42,-1.0,-1,-6,-10,-2,-5,-2
844,67,68,71,69,89,73,74,76,75,50,-4.0,-1,-6,-6,-5,-6,39
845,82,75,76,77,5,75,68,70,73,37,1.0,1,7,7,6,4,-32
846,77,79,74,77,9,74,71,69,72,68,-1.0,-1,3,8,5,5,-59
847,76,74,77,76,6,68,64,64,66,80,1.0,1,8,10,13,10,-74
848,84,81,81,82,7,72,72,72,73,34,1.0,1,12,9,9,9,-27
849,83,83,80,83,3,71,70,72,71,23,-1.0,-1,12,13,8,12,-20
850,82,73,74,77,15,70,69,69,70,36,1.0,1,12,4,5,7,-21
851,80,80,81,82,4,79,81,80,81,13,-2.0,-1,1,-1,1,1,-9
852,86,83,84,84,10,70,73,67,73,40,1.0,1,16,10,17,11,-30
853,88,82,81,83,1,68,64,64,66,80,3.0,1,20,18,17,17,-79
854,73,76,75,75,30,73,67,70,71,22,-2.0,-1,0,9,5,4,8
855,78,80,79,80,12,74,73,74,74,11,1.0,1,4,7,5,6,1
856,86,83,84,84,10,80,75,78,78,25,3.0,1,6,8,6,6,-15
857,88,82,81,83,1,74,71,69,72,68,3.0,1,14,11,12,11,-67
858,80,80,81,82,4,76,73,74,75,33,3.0,1,4,7,7,7,-29
859,79,74,75,76,17,76,74,77,76,6,-7.0,-1,3,0,-2,0,11
860,78,76,77,78,53,74,73,74,74,11,-3.0,-1,4,3,3,4,42
861,70,73,67,73,40,80,75,78,78,25,-2.0,-1,-10,-2,-11,-5,15
862,70,69,69,70,36,78,81,83,84,2,-1.0,-1,-8,-12,-14,-14,34
863,82,75,76,77,5,76,74,77,76,6,-2.0,-1,6,1,-1,1,-1
864,79,81,80,81,13,76,73,74,75,33,-1.0,-1,3,8,6,6,-20
865,80,74,75,76,39,80,80,81,82,4,-1.0,-1,0,-6,-6,-6,35
866,74,73,74,74,11,70,69,69,70,36,1.0,1,4,4,5,4,-25
867,84,81,81,82,7,76,73,74,75,33,1.0,1,8,8,7,7,-26
868,73,67,70,71,22,80,80,81,82,4,-4.0,-1,-7,-13,-11,-11,18
869,79,81,80,81,13,86,83,84,84,10,2.0,1,-7,-2,-4,-3,3
870,74,73,74,74,11,80,80,81,82,4,2.0,1,-6,-7,-7,-8,7
871,85,78,79,80,8,74,73,74,74,11,2.0,1,11,5,5,6,-3
872,84,81,81,82,7,78,81,83,84,2,2.0,1,6,0,-2,-2,5
873,84,81,81,82,7,85,78,79,80,8,-1.0,-1,-1,3,2,2,-1
874,78,81,83,84,2,68,70,72,71,101,2.0,1,10,11,11,13,-99
875,88,82,81,83,1,77,79,74,77,9,1.0,1,11,3,7,6,-8
876,80,80,81,82,4,86,83,84,84,10,-2.0,-1,-6,-3,-3,-2,-6
877,68,64,64,66,80,71,70,72,71,23,-3.0,-1,-3,-6,-8,-5,57
878,82,75,76,77,5,74,71,69,72,68,2.0,1,8,4,7,5,-63
879,72,68,73,72,19,83,83,80,83,3,-3.0,-1,-11,-15,-7,-11,16
880,79,81,80,81,13,84,81,81,82,7,-2.0,-1,-5,0,-1,-1,6
881,83,78,79,81,20,78,78,73,76,42,-1.0,-1,5,0,6,5,-22
882,71,71,73,72,81,78,81,83,84,2,-3.0,-1,-7,-10,-10,-12,79
883,83,83,80,83,3,82,75,76,77,5,1.0,1,1,8,4,6,-2
884,76,74,77,76,6,68,64,64,66,80,3.0,1,8,10,13,10,-74
885,71,70,72,71,23,72,68,73,72,19,1.0,1,-1,2,-1,-1,4
886,66,70,69,71,62,73,66,69,70,46,1.0,1,-7,4,0,1,16
887,78,78,77,78,14,85,78,79,80,8,2.0,1,-7,0,-2,-2,6
888,77,79,74,77,9,75,68,70,73,37,4.0,1,2,11,4,4,-28
889,83,83,80,83,3,68,64,64,66,80,5.0,1,15,19,16,17,-77
890,75,68,70,73,37,82,75,76,77,5,-1.0,-1,-7,-7,-6,-4,32
891,77,79,74,77,9,74,71,69,72,68,3.0,1,3,8,5,5,-59
892,84,81,81,82,7,67,68,71,69,89,3.0,1,17,13,10,13,-82
893,73,67,70,71,22,78,78,77,78,14,-1.0,-1,-5,-11,-7,-7,8
894,78,81,83,84,2,70,73,67,73,40,3.0,1,8,8,16,11,-38
895,82,73,74,77,15,73,74,76,75,50,1.0,1,9,-1,-2,2,-35
896,83,78,79,81,20,84,81,81,82,7,-1.0,-1,-1,-3,-2,-1,13
897,80,74,75,76,39,67,68,71,69,89,3.0,1,13,6,4,7,-50
898,88,82,81,83,1,75,68,70,73,37,-1.0,-1,13,14,11,10,-36
899,76,74,77,76,6,71,70,72,71,23,1.0,1,5,4,5,5,-17
900,78,81,83,84,2,70,69,69,70,36,2.0,1,8,12,14,14,-34
901,74,71,69,72,68,83,83,80,83,3,-2.0,-1,-9,-12,-11,-11,65
902,75,68,70,73,37,71,70,72,71,23,-3.0,-1,4,-2,-2,2,14
903,77,79,74,77,9,72,68,73,72,19,1.0,1,5,11,1,5,-10
904,74,71,69,72,68,68,64,64,66,80,5.0,1,6,7,5,6,-12
905,70,73,67,73,40,71,71,73,72,81,1.0,1,-1,2,-6,1,-41
906,78,80,79,80,12,76,72,73,74,57,3.0,1,2,8,6,6,-45
907,84,81,81,82,7,80,74,75,76,39,1.0,1,4,7,6,6,-32
908,72,72,72,73,34,82,73,74,77,15,-3.0,-1,-10,-1,-2,-4,19
909,73,76,75,75,30,76,73,74,75,33,-1.0,-1,-3,3,1,0,-3
910,88,82,81,83,1,82,75,76,77,5,3.0,1,6,7,5,6,-4
911,68,64,64,66,80,75,68,70,73,37,1.0,1,-7,-4,-6,-7,43
912,76,74,77,76,6,77,79,74,77,9,2.0,1,-1,-5,3,-1,-3
913,72,68,73,72,19,74,71,69,72,68,3.0,1,-2,-3,4,0,-49
914,71,70,72,71,23,83,83,80,83,3,-2.0,-1,-12,-13,-8,-12,20
915,78,76,77,78,53,72,72,72,73,34,1.0,1,6,4,5,5,19
916,87,85,83,84,2,80,74,78,77,13,1.0,1,7,11,5,7,-11
917,70,68,71,70,30,73,75,73,74,42,-1.0,-1,-3,-7,-2,-4,-12
918,82,83,85,85,1,82,81,81,82,12,1.0,1,0,2,4,3,-11
919,87,80,84,84,4,79,77,81,79,9,1.0,1,8,3,3,5,-5
920,80,74,78,77,13,69,67,67,67,50,1.0,1,11,7,11,10,-37
921,73,73,75,74,36,75,73,74,74,60,1.0,1,-2,0,1,0,-24
922,82,79,76,79,17,87,85,83,84,2,-3.0,-1,-5,-6,-7,-5,15
923,70,69,70,70,36,78,79,82,80,20,2.0,1,-8,-10,-12,-10,16
924,88,81,82,83,3,73,70,73,73,53,3.0,1,15,11,9,10,-50
925,71,73,71,71,23,72,73,76,74,58,2.0,1,-1,0,-5,-3,-35
926,75,73,75,74,29,73,70,72,73,68,1.0,1,2,3,3,1,-39
927,69,67,67,67,50,87,80,84,84,4,2.0,1,-18,-13,-17,-17,46
928,87,85,83,84,2,73,73,75,74,36,3.0,1,14,12,8,10,-34
929,75,73,74,74,60,80,74,78,77,13,-2.0,-1,-5,-1,-4,-3,47
930,84,82,85,83,7,84,85,85,85,8,-2.0,-1,0,-3,0,-2,-1
931,78,79,82,80,20,80,84,81,82,15,-1.0,-1,-2,-5,1,-2,5
932,69,66,66,67,10,82,79,76,79,17,1.0,1,-13,-13,-10,-12,-7
933,88,81,82,83,3,76,76,75,75,25,-1.0,-1,12,5,7,8,-22
934,78,77,77,78,16,77,76,75,76,26,2.0,1,1,1,2,2,-10
935,84,82,85,83,7,73,73,75,74,36,5.0,1,11,9,10,9,-29
936,77,76,75,76,26,82,79,76,79,17,2.0,1,-5,-3,-1,-3,9
937,85,83,80,83,5,75,74,76,75,46,1.0,1,10,9,4,8,-41
938,73,70,73,73,53,79,75,78,77,65,-3.0,-1,-6,-5,-5,-4,-12
939,80,84,81,82,15,82,79,76,79,17,3.0,1,-2,5,5,3,-2
940,69,66,66,67,10,73,73,75,74,36,1.0,1,-4,-7,-9,-7,-26
941,87,80,84,84,4,87,85,83,84,2,1.0,1,0,-5,1,0,2
942,76,76,75,75,25,84,82,85,83,7,1.0,1,-8,-6,-10,-8,18
943,84,77,76,78,6,76,70,74,73,45,2.0,1,8,7,2,5,-39
944,72,70,73,72,43,87,85,83,84,2,-4.0,-1,-15,-15,-10,-12,41
945,73,75,73,74,42,80,74,78,77,13,-4.0,-1,-7,1,-5,-3,29
946,84,82,85,83,7,82,81,81,82,12,1.0,1,2,1,4,1,-5
947,76,70,74,73,45,79,77,81,79,9,1.0,1,-3,-7,-7,-6,36
948,73,75,73,74,42,79,77,81,79,9,-2.0,-1,-6,-2,-8,-5,33
949,72,70,73,72,43,82,83,85,85,1,-1.0,-1,-10,-13,-12,-13,42
950,79,75,78,77,65,88,81,82,83,3,-1.0,-1,-9,-6,-4,-6,62
951,79,75,78,77,65,78,77,77,78,16,-1.0,-1,1,-2,1,-1,49
952,82,83,85,85,1,73,75,73,74,42,2.0,1,9,8,12,11,-41
953,82,83,85,85,1,78,77,77,78,16,3.0,1,4,6,8,7,-15
954,78,77,77,78,16,73,73,75,74,36,1.0,1,5,4,2,4,-20
955,79,77,81,79,9,82,83,85,85,1,-1.0,-1,-3,-6,-4,-6,8
956,87,85,83,84,2,75,73,74,74,60,2.0,1,12,12,9,10,-58
957,70,69,70,70,36,76,76,75,75,25,1.0,1,-6,-7,-5,-5,11
958,79,77,81,79,9,73,73,75,74,36,-3.0,-1,6,4,6,5,-27
959,84,82,85,83,7,78,79,82,80,20,4.0,1,6,3,3,3,-13
960,75,74,76,75,46,82,83,85,85,1,-1.0,-1,-7,-9,-9,-10,45
961,75,75,78,77,19,84,77,76,78,6,4.0,1,-9,-2,2,-1,13
962,84,85,85,85,8,80,84,81,82,15,3.0,1,4,1,4,3,-7
963,81,76,75,76,14,76,75,78,76,39,1.0,1,5,1,-3,0,-25
964,77,79,75,77,47,85,83,80,83,5,-1.0,-1,-8,-4,-5,-6,42
965,73,70,73,73,53,88,81,82,83,3,-1.0,-1,-15,-11,-9,-10,50
966,78,79,82,80,20,70,69,70,70,36,2.0,1,8,10,12,10,-16
967,71,73,71,71,23,75,74,76,75,46,2.0,1,-4,-1,-5,-4,-23
968,69,67,67,67,50,79,77,81,79,9,1.0,1,-10,-10,-14,-12,41
969,75,73,74,74,60,69,66,66,67,10,-2.0,-1,6,7,8,7,50
970,73,73,75,74,36,82,79,76,79,17,-1.0,-1,-9,-6,-1,-5,19
971,80,74,78,77,13,73,73,75,74,36,-1.0,-1,7,1,3,3,-23
972,82,81,81,82,12,73,70,72,73,68,1.0,1,9,11,9,9,-56
973,71,73,71,71,23,82,83,85,85,1,-2.0,-1,-11,-10,-14,-14,22
974,70,69,70,70,36,84,82,85,83,7,-1.0,-1,-14,-13,-15,-13,29
975,81,76,75,76,14,77,76,75,76,26,-1.0,-1,4,0,0,0,-12
976,87,85,83,84,2,79,77,81,79,9,3.0,1,8,8,2,5,-7
977,75,73,74,74,60,87,80,84,84,4,-2.0,-1,-12,-7,-10,-10,56
978,73,73,75,74,36,75,72,73,73,51,-1.0,-1,-2,1,2,1,-15
979,88,81,82,83,3,75,79,78,78,11,2.0,1,13,2,4,5,-8
980,82,79,76,79,17,69,67,67,67,50,2.0,1,13,12,9,12,-33
981,71,73,71,71,23,75,79,78,78,11,-1.0,-1,-4,-6,-7,-7,12
982,75,73,75,74,29,78,79,82,80,20,-1.0,-1,-3,-6,-7,-6,9
983,84,82,85,83,7,81,76,75,76,14,2.0,1,3,6,10,7,-7
984,76,76,75,75,25,80,84,81,82,15,1.0,1,-4,-8,-6,-7,10
985,79,75,78,77,65,87,80,84,84,4,-1.0,-1,-8,-5,-6,-7,61
986,84,77,76,78,6,78,77,77,78,16,-1.0,-1,6,0,-1,0,-10
987,76,75,78,76,39,82,79,76,79,17,1.0,1,-6,-4,2,-3,22
988,70,69,70,70,57,80,74,78,77,13,-4.0,-1,-10,-5,-8,-7,44
989,77,76,75,76,26,75,75,78,77,19,-4.0,-1,2,1,-3,-1,7
990,76,70,74,73,45,78,79,82,80,20,-3.0,-1,-2,-9,-8,-7,25
991,76,75,79,77,10,76,75,75,75,17,-1.0,-1,0,0,4,2,-7
992,67,68,68,69,75,82,77,71,74,18,-6.0,-1,-15,-9,-3,-5,57
993,80,75,77,77,24,72,72,76,75,62,3.0,1,8,3,1,2,-38
994,82,82,85,84,2,81,78,77,79,11,-1.0,-1,1,4,8,5,-9
995,78,77,74,76,42,74,78,77,78,8,-1.0,-1,4,-1,-3,-2,34
996,85,85,81,83,19,87,80,80,82,12,-2.0,-1,-2,5,1,1,7
997,79,80,80,80,15,84,81,81,82,5,-1.0,-1,-5,-1,-1,-2,10
998,74,73,74,74,48,69,71,73,73,42,3.0,1,5,2,1,1,6
999,85,80,82,82,7,68,71,75,72,58,1.0,1,17,9,7,10,-51
1000,80,76,78,78,41,86,85,83,85,3,-3.0,-1,-6,-9,-5,-7,38
1001,78,74,77,76,38,75,75,74,75,33,1.0,1,3,-1,3,1,5
1002,86,79,76,81,6,75,73,74,75,48,2.0,1,11,6,2,6,-42
1003,76,75,75,75,17,77,75,80,77,13,-1.0,-1,-1,0,-5,-2,4
1004,67,68,68,69,75,75,73,74,75,48,-3.0,-1,-8,-5,-6,-6,27
1005,85,80,82,82,7,79,80,80,80,15,-3.0,-1,6,0,2,2,-8
1006,82,77,71,74,18,86,79,76,81,6,-1.0,-1,-4,-2,-5,-7,12
1007,86,85,83,84,1,73,73,72,72,72,4.0,1,13,12,11,12,-71
1008,84,85,85,85,14,86,85,83,85,3,-1.0,-1,-2,0,2,0,11
1009,78,77,74,76,42,68,71,75,72,58,1.0,1,10,6,-1,4,-16
1010,73,71,69,71,55,75,74,74,74,40,-1.0,-1,-2,-3,-5,-3,15
1011,72,70,72,72,26,76,75,75,75,17,1.0,1,-4,-5,-3,-3,9
1012,80,76,78,78,41,82,82,85,84,2,-2.0,-1,-2,-6,-7,-6,39
1013,84,85,86,85,9,87,80,80,82,12,5.0,1,-3,5,6,3,-3
1014,73,73,72,72,72,78,77,74,76,42,2.0,1,-5,-4,-2,-4,30
1015,85,85,81,83,19,73,73,72,72,72,1.0,1,12,12,9,11,-53
1016,82,82,85,84,2,75,75,74,75,33,2.0,1,7,7,11,9,-31
1017,73,72,73,72,20,75,74,74,74,40,2.0,1,-2,-2,-1,-2,-20
1018,72,70,72,72,26,77,75,80,77,13,1.0,1,-5,-5,-8,-5,13
1019,82,82,85,84,2,85,85,81,83,19,2.0,1,-3,-3,4,1,-17
1020,75,73,74,75,48,69,71,73,73,42,-4.0,-1,6,2,1,2,6
1021,73,69,74,72,36,74,73,74,74,48,-1.0,-1,-1,-4,0,-2,-12
1022,73,73,72,72,72,73,72,73,72,20,-3.0,-1,0,1,-1,0,52
1023,72,70,72,72,26,71,66,69,70,56,2.0,1,1,4,3,2,-30
1024,86,85,83,84,1,68,71,75,72,58,3.0,1,18,14,8,12,-57
1025,62,58,58,60,97,71,64,65,66,119,-1.0,-1,-9,-6,-7,-6,-22
1026,84,85,85,85,14,73,73,72,72,72,1.0,1,11,12,13,13,-58
1027,76,75,79,77,10,79,75,79,78,16,2.0,1,-3,0,0,-1,-6
1028,73,71,69,71,55,69,71,73,73,42,-1.0,-1,4,0,-4,-2,13
1029,80,75,77,77,24,86,85,83,85,3,-3.0,-1,-6,-10,-6,-8,21
1030,80,76,78,78,41,73,73,72,72,72,5.0,1,7,3,6,6,-31
1031,68,71,75,72,58,86,79,76,81,6,-1.0,-1,-18,-8,-1,-9,52
1032,82,82,85,84,2,69,71,73,73,42,1.0,1,13,11,12,11,-40
1033,73,72,73,72,20,76,75,79,77,10,-1.0,-1,-3,-3,-6,-5,10
1034,84,85,85,85,14,79,75,79,78,16,-1.0,-1,5,10,6,7,-2
1035,80,76,78,78,41,68,71,75,72,58,2.0,1,12,5,3,6,-17
1036,86,79,76,81,6,73,73,72,72,72,1.0,1,13,6,4,9,-66
1037,82,82,85,84,2,73,72,73,72,20,1.0,1,9,10,12,12,-18
1038,84,85,85,85,14,76,75,75,75,17,1.0,1,8,10,10,10,-3
1039,82,75,76,77,21,81,78,77,79,11,-3.0,-1,1,-3,-1,-2,10
1040,80,76,78,78,41,86,79,76,81,6,-3.0,-1,-6,-3,2,-3,35
1041,73,73,72,72,72,68,71,75,72,58,1.0,1,5,2,-3,0,14
1042,69,71,73,73,42,73,72,73,72,20,-2.0,-1,-4,-1,0,1,22
1043,79,75,79,78,16,76,75,75,75,17,-3.0,-1,3,0,4,3,-1
1044,84,81,81,82,5,86,85,83,84,1,-1.0,-1,-2,-4,-2,-2,4
1045,82,82,85,84,2,87,80,80,82,12,1.0,1,-5,2,5,2,-10
1046,86,79,76,81,6,85,80,82,82,7,1.0,1,1,-1,-6,-1,-1
1047,76,75,75,75,17,74,78,77,78,8,1.0,1,2,-3,-2,-3,9
1048,86,79,76,81,6,82,82,85,84,2,-2.0,-1,4,-3,-9,-3,4
1049,86,85,83,85,3,86,85,83,84,1,-1.0,-1,0,0,0,1,2
1050,76,75,75,75,17,84,81,81,82,5,-2.0,-1,-8,-6,-6,-7,12
1051,82,82,85,84,2,86,85,83,84,1,1.0,1,-4,-3,2,0,1
1052,82,77,71,74,18,75,75,74,75,33,3.0,1,7,2,-3,-1,-15
1053,72,72,76,75,62,70,67,69,70,45,-1.0,-1,2,5,7,5,17
1054,80,75,77,77,24,76,75,75,75,17,2.0,1,4,0,2,2,7
1055,79,80,80,80,15,73,72,73,72,20,1.0,1,6,8,7,8,-5
1056,78,74,77,76,38,80,76,78,78,41,-1.0,-1,-2,-2,-1,-2,-3
1057,79,75,79,78,16,86,79,76,81,6,-3.0,-1,-7,-4,3,-3,10
1058,75,74,74,74,40,86,85,83,84,1,-4.0,-1,-11,-11,-9,-10,39
1059,77,70,73,73,29,81,78,77,79,11,-1.0,-1,-4,-8,-4,-6,18
1060,74,78,77,78,8,73,69,74,72,36,6.0,1,1,9,3,6,-28
1061,84,81,81,82,5,84,85,86,85,9,-1.0,-1,0,-4,-5,-3,-4
1062,82,82,85,84,2,79,80,80,80,15,1.0,1,3,2,5,4,-13
1063,76,75,79,77,10,82,77,71,74,18,2.0,1,-6,-2,8,3,-8
1064,70,67,69,70,45,74,73,74,74,48,1.0,1,-4,-6,-5,-4,-3
1065,84,85,85,85,14,73,72,73,72,20,1.0,1,11,13,12,13,-6
1066,85,80,82,82,7,85,85,81,83,19,1.0,1,0,-5,1,-1,-12
1067,76,75,75,75,17,78,74,77,76,38,-1.0,-1,-2,1,-2,-1,-21
1068,73,69,74,72,36,86,85,83,84,1,-3.0,-1,-13,-16,-9,-12,35
1069,82,75,76,77,21,85,80,82,82,7,-1.0,-1,-3,-5,-6,-5,14
1070,82,77,71,74,18,84,85,86,85,9,-3.0,-1,-2,-8,-15,-11,9
1071,86,85,83,84,1,74,78,77,78,8,1.0,1,12,7,6,6,-7
1072,80,75,77,77,24,71,71,71,71,34,1.0,1,9,4,6,6,-10
1073,73,72,73,72,20,77,75,80,77,13,3.0,1,-4,-3,-7,-5,7
1074,73,73,72,72,72,86,85,83,85,3,-2.0,-1,-13,-12,-11,-13,69
1075,79,80,80,80,15,84,85,85,85,14,3.0,1,-5,-5,-5,-5,1
1076,82,75,76,77,21,85,85,81,83,19,-1.0,-1,-3,-10,-5,-6,2
1077,80,76,78,78,41,78,74,77,76,38,2.0,1,2,2,1,2,3
1078,75,74,74,74,40,85,80,82,82,7,-2.0,-1,-10,-6,-8,-8,33
1079,73,69,74,72,36,74,78,77,78,8,-1.0,-1,-1,-9,-3,-6,28
1080,84,85,86,85,9,84,81,81,82,5,-1.0,-1,0,4,5,3,4
1081,71,66,69,70,56,78,77,74,76,42,2.0,1,-7,-11,-5,-6,14
1082,75,75,74,75,33,82,77,71,74,18,-1.0,-1,-7,-2,3,1,15
1083,74,73,74,74,48,70,67,69,70,45,1.0,1,4,6,5,4,3
1084,76,75,79,77,10,80,75,77,77,24,2.0,1,-4,0,2,0,-14
1085,79,75,79,78,16,77,75,80,77,13,-1.0,-1,2,0,-1,1,3
1086,87,80,80,82,12,86,85,83,85,3,-1.0,-1,1,-5,-3,-3,9
1087,86,85,83,84,1,73,69,74,72,36,2.0,1,13,16,9,12,-35
1088,78,77,74,76,42,71,66,69,70,56,1.0,1,7,11,5,6,-14
1089,84,85,85,85,14,80,76,78,78,41,3.0,1,4,9,7,7,-27
1090,73,72,73,72,20,70,73,71,72,61,-2.0,-1,3,-1,2,0,-41
1091,82,75,76,77,21,75,73,74,75,48,-1.0,-1,7,2,2,2,-27
1092,79,80,80,80,15,82,82,85,84,2,2.0,1,-3,-2,-5,-4,13
1093,82,77,71,74,18,76,75,79,77,10,-1.0,-1,6,2,-8,-3,8
1094,87,80,80,82,12,79,75,79,78,16,2.0,1,8,5,1,4,-4
1095,86,85,83,85,3,86,79,76,81,6,1.0,1,0,6,7,4,-3
1096,78,74,77,76,38,76,75,75,75,17,-1.0,-1,2,-1,2,1,21
1097,74,78,77,78,8,86,85,83,84,1,3.0,1,-12,-7,-6,-6,7
1098,71,71,71,71,34,80,75,77,77,24,-1.0,-1,-9,-4,-6,-6,10
1099,73,71,69,71,55,71,66,69,70,56,2.0,1,2,5,0,1,-1
1100,76,75,75,75,17,80,76,78,78,41,2.0,1,-4,-1,-3,-3,-24
1101,87,80,80,82,12,79,75,79,78,16,2.0,1,8,5,1,4,-4
1102,82,82,85,84,2,86,79,76,81,6,1.0,1,-4,3,9,3,-4
1103,71,69,68,70,55,76,75,75,76,18,1.0,1,-5,-6,-7,-6,37
1104,82,76,77,77,25,83,76,75,78,21,-1.0,-1,-1,0,2,-1,4
1105,85,86,83,84,1,79,76,76,77,37,2.0,1,6,10,7,7,-36
1106,83,79,81,81,9,77,69,71,72,26,-2.0,-1,6,10,10,9,-17
1107,75,76,79,77,11,77,75,79,77,17,2.0,1,-2,1,0,0,-6
1108,76,70,72,72,19,74,72,74,73,41,1.0,1,2,-2,-2,-1,-22
1109,83,83,82,83,15,71,69,68,70,55,2.0,1,12,14,14,13,-40
1110,83,83,81,82,12,84,82,84,84,16,-1.0,-1,-1,1,-3,-2,-4
1111,83,83,86,85,2,76,70,73,72,40,4.0,1,7,13,13,13,-38
1112,75,74,75,76,43,84,80,80,81,3,-2.0,-1,-9,-6,-5,-5,40
1113,74,72,74,73,41,75,76,79,77,11,-2.0,-1,-1,-4,-5,-4,30
1114,83,83,86,85,2,67,65,66,67,75,2.0,1,16,18,20,18,-73
1115,75,76,79,77,11,77,69,71,72,26,2.0,1,-2,7,8,5,-15
1116,87,82,83,83,6,77,78,77,78,13,2.0,1,10,4,6,5,-7
1117,85,81,81,82,4,83,83,81,82,12,-2.0,-1,2,-2,0,0,-8
1118,82,76,77,77,25,70,72,75,74,65,1.0,1,12,4,2,3,-40
1119,78,74,77,76,32,83,83,86,85,2,2.0,1,-5,-9,-9,-9,30
1120,77,76,75,76,58,83,83,82,83,15,-3.0,-1,-6,-7,-7,-7,43
1121,76,70,72,72,19,79,76,80,79,10,-3.0,-1,-3,-6,-8,-7,9
1122,87,82,83,83,6,83,83,81,82,12,1.0,1,4,-1,2,1,-6
1123,84,85,85,85,8,76,75,75,76,18,3.0,1,8,10,10,9,-10
1124,74,74,72,73,50,77,73,74,74,24,1.0,1,-3,1,-2,-1,26
1125,76,70,73,72,40,78,74,77,76,32,1.0,1,-2,-4,-4,-4,8
1126,85,86,83,84,1,72,74,75,75,53,3.0,1,13,12,8,9,-52
1127,84,80,80,81,3,67,65,66,67,75,3.0,1,17,15,14,14,-72
1128,83,79,81,81,9,79,76,80,79,10,-2.0,-1,4,3,1,2,-1
1129,67,65,66,67,75,76,70,72,72,19,-2.0,-1,-9,-5,-6,-5,56
1130,75,76,79,77,11,73,67,72,71,69,2.0,1,2,9,7,6,-58
1131,73,70,73,73,63,77,75,79,77,17,-1.0,-1,-4,-5,-6,-4,46
1132,67,65,66,67,75,77,69,71,72,26,-2.0,-1,-10,-4,-5,-5,49
1133,84,80,80,81,3,76,70,72,72,19,5.0,1,8,10,8,9,-16
1134,79,76,80,79,10,74,72,74,73,41,1.0,1,5,4,6,6,-31
1135,77,75,79,77,17,85,82,79,81,5,-1.0,-1,-8,-7,0,-4,12
1136,77,69,71,72,26,83,79,81,81,9,-2.0,-1,-6,-10,-10,-9,17
1137,84,80,80,81,3,83,79,81,81,9,2.0,1,1,1,-1,0,-6
1138,77,75,79,77,17,76,70,72,72,19,-3.0,-1,1,5,7,5,-2
1139,69,70,75,73,49,71,70,70,70,72,-1.0,-1,-2,0,5,3,-23
1140,83,79,81,81,9,77,75,79,77,17,1.0,1,6,4,2,4,-8
1141,84,80,80,81,3,76,70,72,72,19,2.0,1,8,10,8,9,-16
1142,76,70,72,72,19,73,70,73,73,63,-1.0,-1,3,0,-1,-1,-44
1143,73,70,73,72,29,84,85,85,85,8,-1.0,-1,-11,-15,-12,-13,21
1144,71,69,68,70,55,77,76,75,76,58,1.0,1,-6,-7,-7,-6,-3
1145,84,82,84,84,16,83,83,81,82,12,-2.0,-1,1,-1,3,2,4
1146,70,72,75,74,65,83,76,75,78,21,2.0,1,-13,-4,0,-4,44
1147,72,74,75,75,53,79,76,76,77,37,-1.0,-1,-7,-2,-1,-2,16
1148,85,81,81,82,4,69,67,65,67,61,4.0,1,16,14,16,15,-57
1149,71,69,68,70,55,83,83,82,83,15,-1.0,-1,-12,-14,-14,-13,40
1150,69,72,71,71,34,84,82,84,84,16,-2.0,-1,-15,-10,-13,-13,18
1151,72,74,75,75,53,85,86,83,84,1,-4.0,-1,-13,-12,-8,-9,52
1152,83,79,81,81,9,75,76,79,77,11,4.0,1,8,3,2,4,-2
1153,84,80,80,81,3,76,70,72,72,19,-1.0,-1,8,10,8,9,-16
1154,72,75,74,74,36,69,67,65,67,61,2.0,1,3,8,9,7,-25
1155,83,83,81,82,12,69,72,71,71,34,2.0,1,14,11,10,11,-22
1156,79,76,76,77,37,72,74,75,75,53,4.0,1,7,2,1,2,-16
1157,76,70,73,72,40,83,83,86,85,2,-1.0,-1,-7,-13,-13,-13,38
1158,85,82,79,81,5,76,70,72,72,19,1.0,1,9,12,7,9,-14
1159,77,76,80,78,14,77,78,77,78,13,1.0,1,0,-2,3,0,1
1160,83,83,82,83,15,77,76,75,76,58,2.0,1,6,7,7,7,-43
1161,70,72,75,74,65,82,76,77,77,25,-1.0,-1,-12,-4,-2,-3,40
1162,73,70,73,73,63,83,79,81,81,9,-5.0,-1,-10,-9,-8,-8,54
1163,69,67,65,67,61,85,81,81,82,4,-6.0,-1,-16,-14,-16,-15,57
1164,75,74,75,76,43,69,72,71,71,34,-1.0,-1,6,2,4,5,9
1165,77,78,77,78,13,72,75,74,74,36,2.0,1,5,3,3,4,-23
1166,69,67,65,67,61,74,72,74,73,41,-1.0,-1,-5,-5,-9,-6,20
1167,72,75,74,74,36,70,67,68,68,121,2.0,1,2,8,6,6,-85
1168,73,70,73,72,29,76,75,75,76,18,-2.0,-1,-3,-5,-2,-4,11
1169,84,80,80,81,3,83,79,81,81,9,-1.0,-1,1,1,-1,0,-6
1170,79,76,80,79,10,76,70,72,72,19,1.0,1,3,6,8,7,-9
1171,74,74,72,73,50,85,82,79,81,5,-1.0,-1,-11,-8,-7,-8,45
1172,79,76,76,77,37,85,86,83,84,1,-3.0,-1,-6,-10,-7,-7,36
1173,69,67,65,67,61,75,74,75,76,43,1.0,1,-6,-7,-10,-9,18
1174,84,82,84,84,16,69,72,71,71,34,5.0,1,15,10,13,13,-18
1175,83,76,75,78,21,70,72,75,74,65,1.0,1,13,4,0,4,-44
1176,73,70,73,73,63,79,76,80,79,10,-1.0,-1,-6,-6,-7,-6,53
1177,73,66,73,71,72,72,70,74,72,39,-1.0,-1,1,-4,-1,-1,33
1178,78,75,76,77,33,74,72,72,73,47,-1.0,-1,4,3,4,4,-14
1179,77,68,69,70,55,70,72,76,74,20,-1.0,-1,7,-4,-7,-4,35
1180,82,83,83,83,15,84,76,74,77,18,1.0,1,-2,7,9,6,-3
1181,78,74,76,76,43,83,77,78,78,25,-1.0,-1,-5,-3,-2,-2,18
1182,72,70,74,72,39,87,81,81,82,4,-1.0,-1,-15,-11,-7,-10,35
1183,78,77,81,78,13,88,82,83,84,1,-2.0,-1,-10,-5,-2,-6,12
1184,77,74,76,76,19,84,84,86,85,2,-1.0,-1,-7,-10,-10,-9,17
1185,74,72,72,73,47,79,76,77,77,34,-1.0,-1,-5,-4,-5,-4,13
1186,70,72,76,74,20,65,64,65,65,66,1.0,1,5,8,11,9,-46
1187,73,77,73,75,36,77,68,69,70,55,-1.0,-1,-4,9,4,5,-19
1188,82,83,83,83,15,83,82,83,83,12,-1.0,-1,-1,1,0,0,3
1189,68,74,70,71,41,78,74,76,76,43,-4.0,-1,-10,0,-6,-5,-2
1190,83,77,78,78,25,72,69,73,73,44,-1.0,-1,11,8,5,5,-19
1191,76,75,76,76,45,68,74,76,76,45,-1.0,-1,8,1,0,0,0
1192,88,82,83,84,1,72,70,74,72,39,4.0,1,16,12,9,12,-38
1193,77,74,76,76,19,87,82,83,83,5,-2.0,-1,-10,-8,-7,-7,14
1194,83,77,78,78,25,72,72,73,74,54,1.0,1,11,5,5,4,-29
1195,82,83,83,83,15,80,76,78,78,11,-1.0,-1,2,7,5,5,4
1196,84,76,74,77,18,77,68,69,70,55,4.0,1,7,8,5,7,-37
1197,87,81,81,82,4,70,72,76,74,20,3.0,1,17,9,5,8,-16
1198,79,76,77,77,34,77,74,76,76,19,-1.0,-1,2,2,1,1,15
1199,80,79,79,79,7,78,75,77,77,17,1.0,1,2,4,2,2,-10
1200,85,79,81,82,8,74,75,72,73,60,1.0,1,11,4,9,9,-52
1201,72,70,74,72,39,72,69,73,73,44,1.0,1,0,1,1,-1,-5
1202,65,64,65,65,66,74,72,72,73,47,-2.0,-1,-9,-8,-7,-8,19
1203,82,78,79,79,10,77,71,73,73,28,3.0,1,5,7,6,6,-18
1204,84,80,80,81,3,69,67,67,68,79,5.0,1,15,13,13,13,-76
1205,83,85,86,85,6,76,78,79,78,16,1.0,1,7,7,7,7,-10
1206,87,81,81,82,4,88,82,83,84,1,1.0,1,-1,-1,-2,-2,3
1207,72,70,74,72,39,78,77,81,78,13,-3.0,-1,-6,-7,-7,-6,26
1208,78,74,76,76,43,72,69,73,73,44,4.0,1,6,5,3,3,-1
1209,68,74,70,71,41,83,77,78,78,25,-1.0,-1,-15,-3,-8,-7,16
1210,77,68,69,70,55,65,64,65,65,66,2.0,1,12,4,4,5,-11
1211,69,67,67,68,79,85,79,81,82,8,-1.0,-1,-16,-12,-14,-14,71
1212,74,75,72,73,60,80,79,79,79,7,2.0,1,-6,-4,-7,-6,53
1213,77,71,73,73,28,73,73,75,74,35,-1.0,-1,4,-2,-2,-1,-7
1214,77,72,73,73,24,84,80,80,81,3,-2.0,-1,-7,-8,-7,-8,21
1215,72,70,74,72,39,88,82,83,84,1,-1.0,-1,-16,-12,-9,-12,38
1216,87,81,81,82,4,78,77,81,78,13,-1.0,-1,9,4,0,4,-9
1217,87,82,83,83,5,77,74,76,76,19,3.0,1,10,8,7,7,-14
1218,78,74,76,76,43,68,74,70,71,41,1.0,1,10,0,6,5,2
1219,72,69,73,73,44,83,77,78,78,25,-1.0,-1,-11,-8,-5,-5,19
1220,68,74,76,76,45,76,75,76,76,45,1.0,1,-8,-1,0,0,0
1221,77,68,69,70,55,73,77,73,75,36,1.0,1,4,-9,-4,-5,19
1222,65,64,65,65,66,70,72,76,74,20,-1.0,-1,-5,-8,-11,-9,46
1223,88,82,83,84,1,76,78,79,78,16,1.0,1,12,4,4,6,-15
1224,78,77,81,78,13,77,74,76,76,19,2.0,1,1,3,5,2,-6
1225,84,84,86,85,2,77,68,69,70,55,-2.0,-1,7,16,17,15,-53
1226,85,80,85,85,14,76,75,76,76,45,1.0,1,9,5,9,9,-31
1227,74,72,72,73,47,72,70,74,72,39,1.0,1,2,2,-2,1,8
1228,87,81,81,82,4,73,77,73,75,36,3.0,1,14,4,8,7,-32
1229,69,67,67,68,79,74,75,72,73,60,-1.0,-1,-5,-8,-5,-5,19
1230,82,78,79,79,10,80,79,79,79,7,-3.0,-1,2,-1,0,0,3
1231,78,75,77,77,17,77,72,73,73,24,2.0,1,1,3,4,4,-7
1232,84,80,80,81,3,77,71,73,73,28,1.0,1,7,9,7,8,-25
1233,87,82,83,83,5,84,84,86,85,2,-1.0,-1,3,-2,-3,-2,3
1234,88,82,83,84,1,87,81,81,82,4,2.0,1,1,1,2,2,-3
1235,83,77,78,78,25,68,74,70,71,41,1.0,1,15,3,8,7,-16
1236,72,69,73,73,44,78,74,76,76,43,3.0,1,-6,-5,-3,-3,1
1237,78,75,76,77,33,79,76,77,77,34,1.0,1,-1,-1,-1,0,-1
1238,70,72,76,74,20,73,77,73,75,36,1.0,1,-3,-5,3,-1,-16
1239,65,64,65,65,66,77,68,69,70,55,-1.0,-1,-12,-4,-4,-5,11
1240,84,84,86,85,2,77,74,76,76,19,2.0,1,7,10,10,9,-17
1241,83,85,86,85,6,85,80,85,85,14,6.0,1,-2,5,1,0,-8
1242,74,75,72,73,60,82,78,79,79,10,5.0,1,-8,-3,-7,-6,50
1243,77,71,73,73,28,78,75,77,77,17,1.0,1,-1,-4,-4,-4,11
1244,77,72,73,73,24,85,79,81,82,8,-2.0,-1,-8,-7,-8,-9,16
1245,80,79,79,79,7,84,80,80,81,3,-2.0,-1,-4,-1,-1,-2,4
1246,84,76,74,77,18,82,83,83,83,15,-1.0,-1,2,-7,-9,-6,3
1247,87,81,81,82,4,72,70,74,72,39,4.0,1,15,11,7,10,-35
1248,88,82,83,84,1,78,77,81,78,13,2.0,1,10,5,2,6,-12
1249,74,72,72,73,47,78,75,76,77,33,2.0,1,-4,-3,-4,-4,14
1250,70,72,76,74,20,77,68,69,70,55,2.0,1,-7,4,7,4,-35
1251,85,80,83,83,1,77,72,74,74,19,2.0,1,8,8,9,9,-18
1252,79,75,76,77,39,81,83,83,82,11,2.0,1,-2,-8,-7,-5,28
1253,67,66,68,67,70,75,77,78,78,14,-2.0,-1,-8,-11,-10,-11,56
1254,84,84,85,84,12,70,69,71,71,62,3.0,1,14,15,14,13,-50
1255,74,73,76,75,21,59,66,66,66,78,1.0,1,15,7,10,9,-57
1256,77,72,74,74,19,78,75,76,76,9,1.0,1,-1,-3,-2,-2,10
1257,79,74,77,76,37,79,75,76,77,39,-3.0,-1,0,-1,1,-1,-2
1258,77,76,76,76,33,70,71,73,73,64,1.0,1,7,5,3,3,-31
1259,67,66,68,67,70,83,82,82,82,4,-2.0,-1,-16,-16,-14,-15,66
1260,72,71,74,73,41,84,84,85,84,12,-1.0,-1,-12,-13,-11,-11,29
1261,74,75,72,73,55,59,66,66,66,78,1.0,1,15,9,6,7,-23
1262,75,77,78,78,14,70,68,71,71,60,1.0,1,5,9,7,7,-46
1263,81,78,78,77,32,76,78,82,78,10,-4.0,-1,5,0,-4,-1,22
1264,85,81,83,83,5,82,74,74,77,23,1.0,1,3,7,9,6,-18
1265,85,81,83,83,5,81,78,78,77,32,1.0,1,4,3,5,6,-27
1266,87,82,85,85,3,77,72,74,74,19,3.0,1,10,10,11,11,-16
1267,59,66,66,66,78,74,69,70,71,50,2.0,1,-15,-3,-4,-5,28
1268,71,71,73,72,24,81,77,79,78,16,-3.0,-1,-10,-6,-6,-6,8
1269,83,82,82,82,4,76,76,76,77,31,4.0,1,7,6,6,5,-27
1270,81,80,80,80,2,74,75,72,73,55,2.0,1,7,5,8,7,-53
1271,77,76,76,76,33,67,66,68,67,70,1.0,1,10,10,8,9,-37
1272,79,74,77,76,37,72,72,75,74,47,-1.0,-1,7,2,2,2,-10
1273,87,82,85,85,3,67,66,68,67,70,3.0,1,20,16,17,18,-67
1274,74,75,72,73,55,71,71,73,72,24,-1.0,-1,3,4,-1,1,31
1275,72,72,74,73,38,81,80,80,80,2,-2.0,-1,-9,-8,-6,-7,36
1276,76,78,82,78,10,70,68,71,71,60,-1.0,-1,6,10,11,7,-50
1277,77,76,76,76,33,85,80,83,83,1,-3.0,-1,-8,-4,-7,-7,32
1278,81,80,80,80,2,74,69,70,71,50,3.0,1,7,11,10,9,-48
1279,81,77,79,78,16,74,75,72,73,55,1.0,1,7,2,7,5,-39
1280,72,76,76,75,42,76,76,76,77,31,-2.0,-1,-4,0,0,-2,11
1281,72,72,74,73,38,59,66,66,66,78,2.0,1,13,6,8,7,-40
1282,72,72,69,72,43,85,82,82,83,8,-3.0,-1,-13,-10,-13,-11,35
1283,84,84,85,84,12,87,82,85,85,3,-1.0,-1,-3,2,0,-1,9
1284,79,75,76,77,39,77,72,74,74,19,-2.0,-1,2,3,2,3,20
1285,83,82,82,82,4,75,77,78,78,14,3.0,1,8,5,4,4,-10
1286,77,76,76,76,33,70,68,71,71,60,1.0,1,7,8,5,5,-27
1287,76,78,82,78,10,85,80,83,83,1,-1.0,-1,-9,-2,-1,-5,9
1288,81,83,83,82,11,81,78,78,77,32,2.0,1,0,5,5,5,-21
1289,81,80,80,80,2,71,71,73,72,24,4.0,1,10,9,7,8,-22
1290,74,73,76,75,21,59,66,66,66,78,1.0,1,15,7,10,9,-57
1291,86,80,82,83,6,79,78,79,79,15,1.0,1,7,2,3,4,-9
1292,84,84,85,84,12,85,82,82,83,8,2.0,1,-1,2,3,1,4
1293,81,77,79,78,16,71,71,73,72,24,-1.0,-1,10,6,6,6,-8
1294,76,78,82,78,10,77,76,76,76,33,3.0,1,-1,2,6,2,-23
1295,70,68,71,71,60,85,80,83,83,1,-2.0,-1,-15,-12,-12,-12,59
1296,86,80,82,83,6,72,72,74,73,38,1.0,1,14,8,8,10,-32
1297,78,75,76,76,17,82,74,74,77,23,1.0,1,-4,1,2,-1,-6
1298,81,80,80,80,2,81,77,79,78,16,1.0,1,0,3,1,2,-14
1299,59,66,66,66,78,79,78,79,79,15,-2.0,-1,-20,-12,-13,-13,63
1300,74,73,76,75,21,72,72,74,73,38,-2.0,-1,2,1,2,2,-17
1301,77,72,74,74,19,76,78,82,78,10,-4.0,-1,1,-6,-8,-4,9
1302,81,83,83,82,11,76,76,76,77,31,-2.0,-1,5,7,7,5,-20
1303,85,80,83,83,1,85,82,82,83,8,1.0,1,0,-2,1,0,-7
1304,74,69,70,71,50,71,71,73,72,24,-1.0,-1,3,-2,-3,-1,26
1305,86,80,82,83,6,59,66,66,66,78,3.0,1,27,14,16,17,-72
1306,79,78,79,79,15,72,72,74,73,38,1.0,1,7,6,5,6,-23
1307,85,81,83,83,5,84,84,85,84,12,2.0,1,1,-3,-2,-1,-7
1308,85,80,83,83,1,83,82,82,82,4,-1.0,-1,2,-2,1,1,-3
1309,76,76,76,77,31,76,78,82,78,10,-1.0,-1,0,-2,-6,-1,21
1310,86,80,82,83,6,74,75,72,73,55,3.0,1,12,5,10,10,-49
1311,81,80,80,80,2,71,71,73,72,24,1.0,1,10,9,7,8,-22
1312,85,81,83,83,5,76,78,82,78,10,1.0,1,9,3,1,5,-5
1313,71,71,73,72,24,81,77,79,78,16,-1.0,-1,-10,-6,-6,-6,8
1314,81,80,80,80,2,86,80,82,83,6,-1.0,-1,-5,0,-2,-3,-4
1315,78,75,76,76,9,73,69,74,73,48,1.0,1,5,6,2,3,-39
1316,75,77,78,78,14,72,72,75,74,47,1.0,1,3,5,3,4,-33
1317,85,82,82,83,8,71,75,72,73,51,1.0,1,14,7,10,10,-43
1318,76,78,82,78,10,72,76,76,75,42,2.0,1,4,2,6,3,-32
1319,71,71,71,72,34,74,70,68,71,75,3.0,1,-3,1,3,1,-41
1320,78,75,76,76,17,82,82,83,84,7,1.0,1,-4,-7,-7,-8,10
1321,72,72,69,72,43,85,81,83,83,5,-4.0,-1,-13,-9,-14,-11,38
1322,70,69,71,71,62,72,71,74,73,41,-2.0,-1,-2,-2,-3,-2,21
1323,74,75,72,73,55,72,72,74,73,38,2.0,1,2,3,-2,0,17
1324,74,69,70,71,50,86,80,82,83,6,-2.0,-1,-12,-11,-12,-12,44
1325,74,73,76,75,21,81,80,80,80,2,-1.0,-1,-7,-7,-4,-5,19
1326,85,80,83,83,1,76,76,76,77,31,3.0,1,9,4,7,6,-30
1327,79,78,79,79,15,59,66,66,66,78,2.0,1,20,12,13,13,-63
1328,71,71,73,72,24,74,69,70,71,50,1.0,1,-3,2,3,1,-26
1329,87,82,85,85,3,70,68,71,71,60,2.0,1,17,14,14,14,-57
1330,81,78,78,77,32,72,76,76,75,42,-1.0,-1,9,2,2,2,-10
1331,81,83,83,82,11,79,75,76,77,39,5.0,1,2,8,7,5,-28
1332,72,72,75,74,47,78,75,76,76,17,1.0,1,-6,-3,-1,-2,30
1333,70,69,71,71,62,84,84,85,84,12,-4.0,-1,-14,-15,-14,-13,50
1334,81,77,79,78,16,74,73,76,75,21,2.0,1,7,4,3,3,-5
1335,72,72,74,73,38,74,69,70,71,50,1.0,1,-2,3,4,2,-12
1336,79,78,79,79,15,74,75,72,73,55,1.0,1,5,3,7,6,-40
1337,86,80,82,83,6,59,66,66,66,78,3.0,1,27,14,16,17,-72
1338,81,80,80,80,2,71,71,73,72,24,2.0,1,10,9,7,8,-22
1339,83,82,82,82,4,82,82,83,84,7,-1.0,-1,1,0,-1,-2,-3
1340,74,75,72,73,55,59,66,66,66,78,3.0,1,15,9,6,7,-23
1341,74,69,70,71,50,81,80,80,80,2,-2.0,-1,-7,-11,-10,-9,48
1342,71,71,73,72,24,74,73,76,75,21,2.0,1,-3,-2,-3,-3,3
1343,85,80,83,83,1,87,82,85,85,3,-1.0,-1,-2,-2,-2,-2,-2
1344,84,84,85,84,12,72,71,74,73,41,1.0,1,12,13,11,11,-29
1345,59,66,66,66,78,71,71,73,72,24,1.0,1,-12,-5,-7,-6,54
1346,86,80,82,83,6,79,78,79,79,15,3.0,1,7,2,3,4,-9
1347,74,73,76,75,21,72,72,74,73,38,2.0,1,2,1,2,2,-17
1348,83,82,82,82,4,85,80,83,83,1,1.0,1,-2,2,-1,-1,3
1349,82,82,83,84,7,87,82,85,85,3,-1.0,-1,-5,0,-2,-1,4
1350,70,71,73,73,64,77,76,76,76,33,-1.0,-1,-7,-5,-3,-3,31
1351,78,75,76,76,17,72,72,75,74,47,2.0,1,6,3,1,2,-30
1352,67,66,68,67,70,67,71,71,70,58,1.0,1,0,-5,-3,-3,12
1353,76,78,82,78,10,81,78,78,77,32,1.0,1,-5,0,4,1,-22
1354,86,80,82,83,6,71,71,73,72,24,1.0,1,15,9,9,11,-18
1355,81,80,80,80,2,79,78,79,79,15,3.0,1,2,2,1,1,-13
1356,78,75,76,76,9,74,75,72,73,55,-1.0,-1,4,0,4,3,-46
1357,72,72,75,74,47,82,82,83,84,7,-1.0,-1,-10,-10,-8,-10,40
1358,72,72,74,73,38,74,73,76,75,21,-1.0,-1,-2,-1,-2,-2,17
1359,81,80,80,80,2,81,77,79,78,16,1.0,1,0,3,1,2,-14
1360,79,78,79,79,15,86,80,82,83,6,-1.0,-1,-7,-2,-3,-4,9
1361,82,82,83,84,7,78,75,76,76,17,1.0,1,4,7,7,8,-10
1362,72,76,76,75,42,76,78,82,78,10,2.0,1,-4,-2,-6,-3,32
1363,82,74,74,77,23,72,72,69,72,43,-1.0,-1,10,2,5,5,-20
1364,73,69,74,73,48,78,75,76,76,9,1.0,1,-5,-6,-2,-3,39
1365,70,68,71,71,60,87,82,85,85,3,-2.0,-1,-17,-14,-14,-14,57
1366,81,83,83,82,11,79,74,77,76,37,2.0,1,2,9,6,6,-26
1367,59,66,66,66,78,79,78,79,79,15,3.0,1,-20,-12,-13,-13,63
1368,74,69,70,71,50,71,71,73,72,24,-1.0,-1,3,-2,-3,-1,26
1369,74,73,76,75,21,74,75,72,73,55,-2.0,-1,0,-2,4,2,-34
1370,78,76,75,76,25,79,76,76,77,35,1.0,1,-1,0,-1,-1,-10
1371,72,68,72,72,53,72,73,75,73,52,-1.0,-1,0,-5,-3,-1,1
1372,82,83,81,82,8,77,78,79,78,10,2.0,1,5,5,2,4,-2
1373,81,75,74,77,26,78,76,75,76,25,2.0,1,3,-1,-1,1,1
1374,65,71,70,70,59,74,73,69,73,36,-1.0,-1,-9,-2,1,-3,23
1375,83,83,85,84,7,70,68,68,69,62,5.0,1,13,15,17,15,-55
1376,84,82,84,83,6,86,81,81,83,3,-3.0,-1,-2,1,3,0,3
1377,73,77,76,76,40,76,74,77,76,27,-2.0,-1,-3,3,-1,0,13
1378,81,75,74,77,26,74,72,74,74,19,1.0,1,7,3,0,3,7
1379,65,71,70,70,59,72,73,75,73,52,-1.0,-1,-7,-2,-5,-3,7
1380,85,83,86,85,4,77,78,79,78,10,-1.0,-1,8,5,7,7,-6
1381,83,80,82,83,2,82,83,81,82,8,-3.0,-1,1,-3,1,1,-6
1382,74,73,69,73,36,85,82,83,83,5,1.0,1,-11,-9,-14,-10,31
1383,74,72,74,74,19,76,74,77,76,27,1.0,1,-2,-2,-3,-2,-8
1384,78,76,75,76,25,81,73,76,76,42,-1.0,-1,-3,3,-1,0,-17
1385,84,82,84,83,6,74,73,69,73,36,1.0,1,10,9,15,10,-30
1386,74,72,74,74,19,82,83,81,82,8,-1.0,-1,-8,-11,-7,-8,11
1387,83,80,82,83,2,81,75,74,77,26,5.0,1,2,5,8,6,-24
1388,69,74,73,73,49,76,74,77,76,27,-1.0,-1,-7,0,-4,-3,22
1389,85,85,83,84,9,79,76,76,77,35,2.0,1,6,9,7,7,-26
1390,72,68,72,72,53,72,67,72,71,56,1.0,1,0,1,0,1,-3
1391,81,73,76,76,42,78,76,75,76,25,1.0,1,3,-3,1,0,17
1392,85,82,83,83,5,74,73,69,73,36,-4.0,-1,11,9,14,10,-31
1393,82,83,81,82,8,74,72,74,74,19,1.0,1,8,11,7,8,-11
1394,81,75,74,77,26,83,80,82,83,2,-1.0,-1,-2,-5,-8,-6,24
1395,73,77,76,76,40,76,74,77,76,27,3.0,1,-3,3,-1,0,13
1396,75,70,69,70,38,69,68,67,68,105,1.0,1,6,2,2,2,-67
1397,83,80,82,83,2,74,72,74,74,19,1.0,1,9,8,8,9,-17
1398,81,75,74,77,26,82,83,81,82,8,-2.0,-1,-1,-8,-7,-5,18
1399,83,81,85,85,11,74,73,69,73,36,-1.0,-1,9,8,16,12,-25
1400,84,82,84,83,6,85,82,83,83,5,1.0,1,-1,0,1,0,1
1401,79,76,76,77,35,85,85,83,84,9,-4.0,-1,-6,-9,-7,-7,26
1402,73,77,76,76,40,69,74,73,73,49,1.0,1,4,3,3,3,-9
1403,69,68,67,68,105,75,70,69,70,38,-2.0,-1,-6,-2,-2,-2,67
1404,77,78,79,78,10,85,83,86,85,4,2.0,1,-8,-5,-7,-7,6
1405,74,72,74,74,19,81,75,74,77,26,-1.0,-1,-7,-3,0,-3,-7
1406,82,83,81,82,8,83,80,82,83,2,1.0,1,-1,3,-1,-1,6
1407,74,73,69,73,36,84,82,84,83,6,-2.0,-1,-10,-9,-15,-10,30
1408,85,85,83,84,9,83,83,85,84,7,-1.0,-1,2,2,-2,0,2
1409,72,73,75,73,52,65,71,70,70,59,2.0,1,7,2,5,3,-7
